Datetime,Open,High,Low,Close,Adj Close,Volume
2025-09-16T04:00:00-04:00,593,594,592.82,593.13,593.13,4749
2025-09-16T04:01:00-04:00,593.14,593.19,593.12,593.17,593.17,4727
2025-09-16T04:02:00-04:00,593.15,593.36,593.15,593.36,593.36,2470
2025-09-16T04:03:00-04:00,593.37,593.37,593.37,593.37,593.37,775
2025-09-16T04:04:00-04:00,593.43,593.48,593.43,593.45,593.45,4975
2025-09-16T04:05:00-04:00,593.41,593.5,593.37,593.5,593.5,4542
2025-09-16T04:06:00-04:00,593.56,593.66,593.56,593.66,593.66,5159
2025-09-16T04:07:00-04:00,593.61,593.66,593.6,593.65,593.65,2077
2025-09-16T04:08:00-04:00,593.65,593.71,593.5,593.71,593.71,13780
2025-09-16T04:09:00-04:00,593.67,593.67,593.61,593.66,593.66,2296
2025-09-16T04:10:00-04:00,593.66,593.68,593.65,593.68,593.68,2856
2025-09-16T04:11:00-04:00,593.6,593.6,593.6,593.6,593.6,904
2025-09-16T04:12:00-04:00,593.62,593.67,593.62,593.67,593.67,1799
2025-09-16T04:13:00-04:00,593.7,593.71,593.68,593.68,593.68,939
2025-09-16T04:14:00-04:00,593.67,593.67,593.67,593.67,593.67,1601
2025-09-16T04:15:00-04:00,593.68,593.69,593.63,593.63,593.63,2188
2025-09-16T04:16:00-04:00,593.75,593.79,593.75,593.79,593.79,1905
2025-09-16T04:17:00-04:00,593.65,593.65,593.65,593.65,593.65,374
2025-09-16T04:20:00-04:00,593.55,593.55,593.55,593.55,593.55,990
2025-09-16T04:21:00-04:00,593.54,593.54,593.54,593.54,593.54,1206
2025-09-16T04:22:00-04:00,593.58,593.58,593.5,593.55,593.55,11442
2025-09-16T04:23:00-04:00,593.59,593.61,593.59,593.61,593.61,1205
2025-09-16T04:24:00-04:00,593.58,593.58,593.52,593.52,593.52,11665
2025-09-16T04:25:00-04:00,593.7,593.7,593.64,593.64,593.64,1274
2025-09-16T04:26:00-04:00,593.59,593.59,593.55,593.55,593.55,5244
2025-09-16T04:27:00-04:00,593.73,593.73,593.73,593.73,593.73,487
2025-09-16T04:28:00-04:00,593.66,593.66,593.66,593.66,593.66,251
2025-09-16T04:29:00-04:00,593.64,593.64,593.64,593.64,593.64,883
2025-09-16T04:30:00-04:00,593.6,593.6,593.6,593.6,593.6,616
2025-09-16T04:33:00-04:00,593.63,593.63,593.63,593.63,593.63,469
2025-09-16T04:34:00-04:00,593.58,593.58,593.57,593.57,593.57,625
2025-09-16T04:35:00-04:00,593.58,593.58,593.58,593.58,593.58,630
2025-09-16T04:36:00-04:00,593.55,593.58,593.55,593.58,593.58,715
2025-09-16T04:37:00-04:00,593.56,593.57,593.56,593.57,593.57,1318
2025-09-16T04:38:00-04:00,593.64,593.64,593.64,593.64,593.64,205
2025-09-16T04:39:00-04:00,593.61,593.61,593.61,593.61,593.61,430
2025-09-16T04:40:00-04:00,593.66,593.66,593.66,593.66,593.66,395
2025-09-16T04:41:00-04:00,593.67,593.68,593.67,593.68,593.68,1061
2025-09-16T04:42:00-04:00,593.7,593.7,593.69,593.69,593.69,663
2025-09-16T04:44:00-04:00,593.68,593.69,593.68,593.69,593.69,529
2025-09-16T04:45:00-04:00,593.75,593.75,593.75,593.75,593.75,136
2025-09-16T04:46:00-04:00,593.74,593.76,593.74,593.76,593.76,728
2025-09-16T04:47:00-04:00,593.8,593.87,593.8,593.87,593.87,7024
2025-09-16T04:48:00-04:00,593.92,593.92,593.91,593.91,593.91,624
2025-09-16T04:49:00-04:00,593.88,593.94,593.87,593.94,593.94,1549
2025-09-16T04:50:00-04:00,593.96,593.96,593.95,593.95,593.95,594
2025-09-16T04:51:00-04:00,593.94,593.94,593.89,593.89,593.89,1418
2025-09-16T04:52:00-04:00,593.88,593.88,593.85,593.85,593.85,1478
2025-09-16T04:53:00-04:00,593.87,593.87,593.85,593.85,593.85,1391
2025-09-16T04:54:00-04:00,593.85,593.9,593.85,593.9,593.9,2403
2025-09-16T04:55:00-04:00,593.87,593.87,593.87,593.87,593.87,334
2025-09-16T04:56:00-04:00,593.84,593.84,593.77,593.77,593.77,1262
2025-09-16T04:57:00-04:00,593.77,593.77,593.68,593.68,593.68,2356
2025-09-16T04:58:00-04:00,593.73,593.77,593.73,593.77,593.77,968
2025-09-16T04:59:00-04:00,593.73,593.75,593.73,593.75,593.75,833
2025-09-16T05:01:00-04:00,593.87,593.96,593.87,593.87,593.87,2175
2025-09-16T05:04:00-04:00,593.86,593.86,593.86,593.86,593.86,477
2025-09-16T05:05:00-04:00,593.87,593.9,593.87,593.9,593.9,2926
2025-09-16T05:06:00-04:00,593.81,593.84,593.81,593.84,593.84,1055
2025-09-16T05:10:00-04:00,593.84,593.84,593.82,593.82,593.82,847
2025-09-16T05:11:00-04:00,593.8,593.8,593.8,593.8,593.8,494
2025-09-16T05:15:00-04:00,593.74,593.77,593.74,593.74,593.74,2421
2025-09-16T05:16:00-04:00,593.71,593.71,593.67,593.67,593.67,1597
2025-09-16T05:18:00-04:00,593.67,593.68,593.67,593.68,593.68,770
2025-09-16T05:19:00-04:00,593.59,593.59,593.59,593.59,593.59,847
2025-09-16T05:21:00-04:00,593.63,593.67,593.63,593.67,593.67,1205
2025-09-16T05:26:00-04:00,593.59,593.59,593.59,593.59,593.59,818
2025-09-16T05:27:00-04:00,593.62,593.62,593.62,593.62,593.62,380
2025-09-16T05:29:00-04:00,593.65,593.68,593.65,593.68,593.68,548
2025-09-16T05:30:00-04:00,593.62,593.62,593.62,593.62,593.62,334
2025-09-16T05:31:00-04:00,593.63,593.63,593.61,593.61,593.61,485
2025-09-16T05:32:00-04:00,593.64,593.64,593.64,593.64,593.64,723
2025-09-16T05:33:00-04:00,593.57,593.57,593.56,593.56,593.56,660
2025-09-16T05:34:00-04:00,593.41,593.41,593.4,593.4,593.4,1332
2025-09-16T05:35:00-04:00,593.46,593.47,593.46,593.47,593.47,834
2025-09-16T05:36:00-04:00,593.5,593.5,593.5,593.5,593.5,388
2025-09-16T05:37:00-04:00,593.36,593.36,593.36,593.36,593.36,393
2025-09-16T05:38:00-04:00,593.36,593.36,593.36,593.36,593.36,140
2025-09-16T05:39:00-04:00,593.36,593.36,593.31,593.31,593.31,1319
2025-09-16T05:40:00-04:00,593.27,593.33,593.27,593.33,593.33,2204
2025-09-16T05:42:00-04:00,593.36,593.37,593.36,593.37,593.37,645
2025-09-16T05:43:00-04:00,593.36,593.36,593.36,593.36,593.36,1417
2025-09-16T05:45:00-04:00,593.38,593.41,593.38,593.41,593.41,787
2025-09-16T05:46:00-04:00,593.4,593.4,593.39,593.39,593.39,235
2025-09-16T05:47:00-04:00,593.43,593.43,593.42,593.42,593.42,1412
2025-09-16T05:48:00-04:00,593.45,593.45,593.45,593.45,593.45,364
2025-09-16T05:49:00-04:00,593.43,593.43,593.43,593.43,593.43,286
2025-09-16T05:50:00-04:00,593.33,593.33,593.29,593.29,593.29,5244
2025-09-16T05:51:00-04:00,593.41,593.41,593.41,593.41,593.41,477
2025-09-16T05:54:00-04:00,593.46,593.46,593.44,593.44,593.44,630
2025-09-16T05:56:00-04:00,593.34,593.35,593.34,593.35,593.35,273
2025-09-16T05:59:00-04:00,593.46,593.49,593.46,593.48,593.48,2553
2025-09-16T06:01:00-04:00,593.45,593.47,593.45,593.45,593.45,816
2025-09-16T06:02:00-04:00,593.4,593.44,593.4,593.44,593.44,2011
2025-09-16T06:03:00-04:00,593.45,593.45,593.4,593.4,593.4,2019
2025-09-16T06:05:00-04:00,593.35,593.35,593.35,593.35,593.35,532
2025-09-16T06:06:00-04:00,593.33,593.33,593.3,593.3,593.3,1538
2025-09-16T06:07:00-04:00,593.32,593.32,593.32,593.32,593.32,805
2025-09-16T06:09:00-04:00,593.4,593.4,593.34,593.34,593.34,2698
2025-09-16T06:10:00-04:00,593.37,593.37,593.37,593.37,593.37,122
2025-09-16T06:11:00-04:00,593.38,593.38,593.36,593.36,593.36,1306
2025-09-16T06:12:00-04:00,593.35,593.38,593.35,593.38,593.38,1487
2025-09-16T06:13:00-04:00,593.3,593.3,593.3,593.3,593.3,437
2025-09-16T06:16:00-04:00,593.31,593.38,593.31,593.37,593.37,1358
2025-09-16T06:17:00-04:00,593.41,593.41,593.4,593.4,593.4,919
2025-09-16T06:18:00-04:00,593.38,593.38,593.35,593.35,593.35,741
2025-09-16T06:19:00-04:00,593.44,593.44,593.44,593.44,593.44,523
2025-09-16T06:20:00-04:00,593.44,593.5,593.44,593.5,593.5,1630
2025-09-16T06:21:00-04:00,593.5,593.51,593.5,593.51,593.51,457
2025-09-16T06:22:00-04:00,593.55,593.55,593.5,593.5,593.5,1052
2025-09-16T06:24:00-04:00,593.56,593.56,593.56,593.56,593.56,433
2025-09-16T06:25:00-04:00,593.54,593.54,593.54,593.54,593.54,617
2025-09-16T06:26:00-04:00,593.5,593.5,593.5,593.5,593.5,347
2025-09-16T06:27:00-04:00,593.46,593.47,593.46,593.47,593.47,634
2025-09-16T06:28:00-04:00,593.53,593.53,593.5,593.5,593.5,616
2025-09-16T06:29:00-04:00,593.47,593.47,593.47,593.47,593.47,1073
2025-09-16T06:30:00-04:00,593.48,593.48,593.48,593.48,593.48,3383
2025-09-16T06:31:00-04:00,593.47,593.47,593.39,593.39,593.39,1827
2025-09-16T06:32:00-04:00,593.39,593.41,593.39,593.41,593.41,1714
2025-09-16T06:35:00-04:00,593.4,593.4,593.4,593.4,593.4,1079
2025-09-16T06:37:00-04:00,593.39,593.39,593.39,593.39,593.39,690
2025-09-16T06:38:00-04:00,593.35,593.36,593.35,593.36,593.36,1329
2025-09-16T06:39:00-04:00,593.32,593.34,593.32,593.34,593.34,1186
2025-09-16T06:42:00-04:00,593.39,593.39,593.35,593.35,593.35,630
2025-09-16T06:43:00-04:00,593.38,593.38,593.38,593.38,593.38,450
2025-09-16T06:45:00-04:00,593.36,593.36,593.36,593.36,593.36,663
2025-09-16T06:46:00-04:00,593.45,593.46,593.42,593.43,593.43,1518
2025-09-16T06:47:00-04:00,593.46,593.47,593.46,593.47,593.47,486
2025-09-16T06:48:00-04:00,593.45,593.45,593.45,593.45,593.45,313
2025-09-16T06:49:00-04:00,593.44,593.44,593.44,593.44,593.44,643
2025-09-16T06:52:00-04:00,593.54,593.57,593.54,593.55,593.55,3306
2025-09-16T06:53:00-04:00,593.57,593.57,593.53,593.53,593.53,923
2025-09-16T06:54:00-04:00,593.57,593.57,593.57,593.57,593.57,841
2025-09-16T06:55:00-04:00,593.53,593.53,593.53,593.53,593.53,502
2025-09-16T06:56:00-04:00,593.54,593.54,593.53,593.53,593.53,690
2025-09-16T06:57:00-04:00,593.5,593.5,593.5,593.5,593.5,611
2025-09-16T06:58:00-04:00,593.49,593.49,593.41,593.42,593.42,1928
2025-09-16T06:59:00-04:00,593.38,593.44,593.38,593.44,593.44,1065
2025-09-16T07:00:00-04:00,593.43,593.46,593.33,593.34,593.34,9401
2025-09-16T07:01:00-04:00,593.34,593.34,593.3,593.321,593.321,3061
2025-09-16T07:02:00-04:00,593.36,593.36,593.36,593.36,593.36,456
2025-09-16T07:03:00-04:00,593.4,593.4,593.34,593.34,593.34,4544
2025-09-16T07:04:00-04:00,593.32,593.32,593.32,593.32,593.32,357
2025-09-16T07:05:00-04:00,593.25,593.25,593.25,593.25,593.25,563
2025-09-16T07:06:00-04:00,593.27,593.3,593.27,593.3,593.3,896
2025-09-16T07:07:00-04:00,593.3,593.3,593.3,593.3,593.3,533
2025-09-16T07:08:00-04:00,593.399,593.43,593.399,593.43,593.43,594
2025-09-16T07:09:00-04:00,593.36,593.36,593.36,593.36,593.36,1345
2025-09-16T07:10:00-04:00,593.4,593.41,593.35,593.35,593.35,1243
2025-09-16T07:11:00-04:00,593.37,593.37,593.3,593.3,593.3,8108
2025-09-16T07:12:00-04:00,593.27,593.3,593.27,593.3,593.3,905
2025-09-16T07:13:00-04:00,593.3,593.35,593.3,593.35,593.35,2562
2025-09-16T07:15:00-04:00,593.26,593.26,593.26,593.26,593.26,335
2025-09-16T07:16:00-04:00,593.18,593.18,593.17,593.17,593.17,684
2025-09-16T07:17:00-04:00,593.17,593.2,593.16,593.16,593.16,3097
2025-09-16T07:18:00-04:00,593.19,593.19,593.15,593.15,593.15,1069
2025-09-16T07:19:00-04:00,593.03,593.08,592.88,593.08,593.08,12167
2025-09-16T07:20:00-04:00,593.08,593.08,593.05,593.05,593.05,1286
2025-09-16T07:21:00-04:00,593.01,593.09,593.01,593.09,593.09,448
2025-09-16T07:22:00-04:00,593.11,593.11,593.08,593.08,593.08,1098
2025-09-16T07:23:00-04:00,593.104,593.15,593.104,593.15,593.15,527
2025-09-16T07:25:00-04:00,593.08,593.09,593.07,593.08,593.08,3184
2025-09-16T07:27:00-04:00,593.18,593.18,593.15,593.15,593.15,484
2025-09-16T07:28:00-04:00,593.13,593.13,593.13,593.13,593.13,596
2025-09-16T07:30:00-04:00,593.09,593.09,593.07,593.08,593.08,1227
2025-09-16T07:31:00-04:00,593.14,593.16,593.14,593.15,593.15,1937
2025-09-16T07:32:00-04:00,593.159,593.159,593.159,593.159,593.159,1079
2025-09-16T07:33:00-04:00,593.14,593.15,593.109,593.109,593.109,597
2025-09-16T07:35:00-04:00,593.049,593.054,593,593,593,1661
2025-09-16T07:36:00-04:00,592.94,592.98,592.94,592.95,592.95,1049
2025-09-16T07:37:00-04:00,593.05,593.05,592.99,592.99,592.99,677
2025-09-16T07:38:00-04:00,592.96,592.96,592.96,592.96,592.96,125
2025-09-16T07:39:00-04:00,592.95,592.95,592.95,592.95,592.95,578
2025-09-16T07:40:00-04:00,592.92,592.92,592.84,592.86,592.86,19466
2025-09-16T07:41:00-04:00,592.86,592.86,592.84,592.84,592.84,1736
2025-09-16T07:42:00-04:00,592.91,592.91,592.91,592.91,592.91,930
2025-09-16T07:43:00-04:00,592.91,592.92,592.8,592.81,592.81,6393
2025-09-16T07:44:00-04:00,592.8,592.93,592.8,592.86,592.86,2934
2025-09-16T07:45:00-04:00,592.94,592.94,592.9,592.9,592.9,1643
2025-09-16T07:46:00-04:00,592.94,592.94,592.94,592.94,592.94,235
2025-09-16T07:47:00-04:00,592.95,592.98,592.87,592.87,592.87,1694
2025-09-16T07:48:00-04:00,592.881,592.92,592.881,592.9,592.9,1020
2025-09-16T07:49:00-04:00,592.85,592.85,592.83,592.83,592.83,1122
2025-09-16T07:50:00-04:00,592.87,592.87,592.7,592.83,592.83,14404
2025-09-16T07:51:00-04:00,592.87,592.87,592.87,592.87,592.87,1017
2025-09-16T07:52:00-04:00,592.87,592.87,592.87,592.87,592.87,502
2025-09-16T07:54:00-04:00,592.89,592.95,592.89,592.95,592.95,634
2025-09-16T07:55:00-04:00,593,593.01,593,593,593,1376
2025-09-16T07:56:00-04:00,593,593.04,593,593.04,593.04,1634
2025-09-16T07:57:00-04:00,593.01,593.04,593.01,593.04,593.04,917
2025-09-16T07:58:00-04:00,593.04,593.04,593.04,593.04,593.04,407
2025-09-16T07:59:00-04:00,592.98,592.98,592.97,592.97,592.97,752
2025-09-16T08:00:00-04:00,593.2,593.9496,592.32,592.95,592.95,66627
2025-09-16T08:01:00-04:00,592.9,593.05,592.54,592.86,592.86,5050
2025-09-16T08:02:00-04:00,592.87,592.87,592.87,592.87,592.87,941
2025-09-16T08:03:00-04:00,592.76,592.79,592.76,592.76,592.76,1552
2025-09-16T08:04:00-04:00,592.72,592.72,592.66,592.66,592.66,2116
2025-09-16T08:05:00-04:00,592.67,592.69,592.66,592.68,592.68,1526
2025-09-16T08:06:00-04:00,592.66,592.7,592.5,592.63,592.63,8538
2025-09-16T08:07:00-04:00,592.62,592.7,591.237,592.6899,592.6899,2396
2025-09-16T08:08:00-04:00,592.69,592.7,592.65,592.7,592.7,4978
2025-09-16T08:09:00-04:00,592.7,592.7,592.7,592.7,592.7,886
2025-09-16T08:10:00-04:00,592.72,592.72,592.72,592.72,592.72,455
2025-09-16T08:11:00-04:00,592.74,592.74,592.64,592.64,592.64,5614
2025-09-16T08:12:00-04:00,592.62,592.76,592.59,592.76,592.76,5677
2025-09-16T08:13:00-04:00,592.759,592.82,592.759,592.81,592.81,1414
2025-09-16T08:14:00-04:00,592.83,592.83,592.79,592.82,592.82,1703
2025-09-16T08:15:00-04:00,592.81,592.81,592.79,592.8093,592.8093,2151
2025-09-16T08:16:00-04:00,592.81,592.81,592.78,592.81,592.81,1775
2025-09-16T08:17:00-04:00,592.76,592.8187,592.75,592.8187,592.8187,3152
2025-09-16T08:18:00-04:00,592.82,592.82,592.75,592.77,592.77,3631
2025-09-16T08:19:00-04:00,592.82,592.83,592.81,592.83,592.83,1629
2025-09-16T08:20:00-04:00,592.71,592.74,592.7,592.74,592.74,1740
2025-09-16T08:21:00-04:00,592.73,592.8013,592.73,592.8013,592.8013,928
2025-09-16T08:22:00-04:00,592.86,592.86,592.82,592.83,592.83,2367
2025-09-16T08:23:00-04:00,592.829,592.86,592.77,592.78,592.78,5675
2025-09-16T08:24:00-04:00,592.769,592.769,592.7,592.71,592.71,4554
2025-09-16T08:25:00-04:00,592.705,592.705,592.62,592.62,592.62,1069
2025-09-16T08:26:00-04:00,592.62,592.62,592.2,592.59,592.59,12792
2025-09-16T08:27:00-04:00,592.57,592.71,592.57,592.7,592.7,1362
2025-09-16T08:28:00-04:00,592.7,592.72,592.64,592.64,592.64,2947
2025-09-16T08:29:00-04:00,592.61,592.62,592.59,592.59,592.59,3043
2025-09-16T08:30:00-04:00,592.58,592.73,592.51,592.53,592.53,9332
2025-09-16T08:31:00-04:00,592.64,592.82,592.64,592.79,592.79,1314
2025-09-16T08:32:00-04:00,592.76,592.83,592.66,592.83,592.83,2604
2025-09-16T08:33:00-04:00,592.79,592.88,592.76,592.85,592.85,6467
2025-09-16T08:34:00-04:00,592.84,592.84,592.75,592.8,592.8,14611
2025-09-16T08:35:00-04:00,592.78,592.84,592.78,592.82,592.82,8557
2025-09-16T08:36:00-04:00,592.73,592.9,592.73,592.86,592.86,3344
2025-09-16T08:37:00-04:00,592.89,592.9,592.8412,592.88,592.88,5566
2025-09-16T08:38:00-04:00,592.94,593.02,592.94,592.95,592.95,21798
2025-09-16T08:39:00-04:00,592.98,592.98,592.94,592.95,592.95,2632
2025-09-16T08:40:00-04:00,592.8,592.8,592.76,592.78,592.78,5707
2025-09-16T08:41:00-04:00,592.75,592.78,592.7,592.76,592.76,5367
2025-09-16T08:42:00-04:00,592.73,592.73,592.63,592.68,592.68,14063
2025-09-16T08:43:00-04:00,592.74,592.87,592.72,592.84,592.84,7592
2025-09-16T08:44:00-04:00,592.8,592.83,592.77,592.81,592.81,4835
2025-09-16T08:45:00-04:00,592.9,592.92,592.89,592.89,592.89,3007
2025-09-16T08:46:00-04:00,592.88,592.88,592.82,592.88,592.88,2020
2025-09-16T08:47:00-04:00,592.89,593,592.89,593,593,3980
2025-09-16T08:48:00-04:00,592.95,592.97,592.95,592.9603,592.9603,1732
2025-09-16T08:49:00-04:00,592.94,592.94,592.92,592.94,592.94,5071
2025-09-16T08:50:00-04:00,592.93,592.93,592.81,592.81,592.81,3568
2025-09-16T08:51:00-04:00,592.75,592.84,592.75,592.83,592.83,3379
2025-09-16T08:52:00-04:00,592.819,592.85,592.73,592.85,592.85,12177
2025-09-16T08:53:00-04:00,592.82,592.82,592.78,592.78,592.78,2040
2025-09-16T08:54:00-04:00,592.77,592.79,592.74,592.76,592.76,3964
2025-09-16T08:55:00-04:00,592.75,592.81,592.75,592.81,592.81,3195
2025-09-16T08:56:00-04:00,592.81,592.8594,592.81,592.84,592.84,3586
2025-09-16T08:57:00-04:00,592.89,592.89,592.85,592.88,592.88,7613
2025-09-16T08:58:00-04:00,592.86,592.94,592.86,592.93,592.93,3223
2025-09-16T08:59:00-04:00,592.91,592.91,592.59,592.82,592.82,31630
2025-09-16T09:00:00-04:00,592.79,592.85,592.71,592.73,592.73,11471
2025-09-16T09:01:00-04:00,592.86,592.86,592.85,592.85,592.85,2213
2025-09-16T09:02:00-04:00,592.84,592.96,592.84,592.95,592.95,7094
2025-09-16T09:03:00-04:00,592.94,592.95,592.87,592.92,592.92,3687
2025-09-16T09:04:00-04:00,592.98,593.03,592.97,593.02,593.02,6589
2025-09-16T09:05:00-04:00,593.0097,593.05,593.0097,593.03,593.03,4344
2025-09-16T09:06:00-04:00,593.05,593.06,592.86,592.93,592.93,7630
2025-09-16T09:07:00-04:00,592.93,592.99,592.91,592.9208,592.9208,4320
2025-09-16T09:08:00-04:00,592.9,592.9,592.83,592.8401,592.8401,12404
2025-09-16T09:09:00-04:00,592.8375,592.8375,592.8,592.8102,592.8102,5340
2025-09-16T09:10:00-04:00,592.8,592.88,592.79,592.86,592.86,8376
2025-09-16T09:11:00-04:00,592.87,592.87,592.79,592.809,592.809,2965
2025-09-16T09:12:00-04:00,592.8,592.82,592.78,592.79,592.79,4636
2025-09-16T09:13:00-04:00,592.79,592.81,592.79,592.81,592.81,4052
2025-09-16T09:14:00-04:00,592.8,592.83,592.78,592.78,592.78,6348
2025-09-16T09:15:00-04:00,592.81,592.81,592.75,592.78,592.78,3605
2025-09-16T09:16:00-04:00,592.82,592.82,592.82,592.82,592.82,507
2025-09-16T09:17:00-04:00,592.86,592.86,592.84,592.86,592.86,4140
2025-09-16T09:18:00-04:00,592.83,592.83,592.75,592.81,592.81,31696
2025-09-16T09:19:00-04:00,592.78,592.87,592.78,592.84,592.84,3466
2025-09-16T09:20:00-04:00,592.89,592.9213,592.83,592.91,592.91,9203
2025-09-16T09:21:00-04:00,592.94,593.01,592.94,592.95,592.95,8739
2025-09-16T09:22:00-04:00,592.97,592.97,592.86,592.86,592.86,8702
2025-09-16T09:23:00-04:00,593,593.07,593,593.07,593.07,3089
2025-09-16T09:24:00-04:00,593.0587,593.1,593.05,593.07,593.07,3351
2025-09-16T09:25:00-04:00,593.06,593.06,592.83,592.8496,592.8496,19201
2025-09-16T09:26:00-04:00,592.76,592.92,592.76,592.89,592.89,5381
2025-09-16T09:27:00-04:00,592.914,593.02,592.914,593.02,593.02,11112
2025-09-16T09:28:00-04:00,593.01,593.01,592.73,592.73,592.73,12811
2025-09-16T09:29:00-04:00,592.74,592.76,592.55,592.59,592.59,32192
2025-09-16T09:30:00-04:00,592.61,592.86,592.38,592.51,592.51,602003
2025-09-16T09:31:00-04:00,592.54,592.84,592.31,592.67,592.67,337435
2025-09-16T09:32:00-04:00,592.67,592.75,592.43,592.53,592.53,231389
2025-09-16T09:33:00-04:00,592.53,592.66,592.04,592.13,592.13,227124
2025-09-16T09:34:00-04:00,592.1293,592.225,591.87,592.11,592.11,259919
2025-09-16T09:35:00-04:00,592.11,592.32,592.1,592.2,592.2,158626
2025-09-16T09:36:00-04:00,592.215,592.27,591.93,591.94,591.94,227676
2025-09-16T09:37:00-04:00,591.94,592.225,591.84,591.87,591.87,218652
2025-09-16T09:38:00-04:00,591.87,592.14,591.82,591.92,591.92,218920
2025-09-16T09:39:00-04:00,591.89,592.04,591.76,591.815,591.815,160338
2025-09-16T09:40:00-04:00,591.82,592.06,591.73,591.74,591.74,187483
2025-09-16T09:41:00-04:00,591.75,591.93,591.71,591.91,591.91,202649
2025-09-16T09:42:00-04:00,591.91,592.07,591.8,591.94,591.94,198896
2025-09-16T09:43:00-04:00,591.94,592.12,591.94,592.05,592.05,147184
2025-09-16T09:44:00-04:00,592.03,592.19,591.99,592.06,592.06,133192
2025-09-16T09:45:00-04:00,592.08,592.13,591.59,591.6851,591.6851,211829
2025-09-16T09:46:00-04:00,591.7,591.83,591.53,591.77,591.77,160597
2025-09-16T09:47:00-04:00,591.77,591.92,591.65,591.66,591.66,230993
2025-09-16T09:48:00-04:00,591.66,591.95,591.52,591.8701,591.8701,399314
2025-09-16T09:49:00-04:00,591.87,591.99,591.79,591.94,591.94,179317
2025-09-16T09:50:00-04:00,591.9401,592.005,591.18,591.3701,591.3701,319411
2025-09-16T09:51:00-04:00,591.4,591.54,591.14,591.23,591.23,252844
2025-09-16T09:52:00-04:00,591.225,591.3382,591.1,591.21,591.21,182072
2025-09-16T09:53:00-04:00,591.225,591.46,591.15,591.37,591.37,214961
2025-09-16T09:54:00-04:00,591.38,591.53,591.34,591.36,591.36,101532
2025-09-16T09:55:00-04:00,591.365,591.46,591.23,591.36,591.36,124221
2025-09-16T09:56:00-04:00,591.35,591.36,591.125,591.17,591.17,98438
2025-09-16T09:57:00-04:00,591.18,591.33,591.01,591.22,591.22,157748
2025-09-16T09:58:00-04:00,591.21,591.45,591.17,591.405,591.405,126834
2025-09-16T09:59:00-04:00,591.42,591.555,591.3,591.37,591.37,114395
2025-09-16T10:00:00-04:00,591.36,591.53,591.218,591.39,591.39,169588
2025-09-16T10:01:00-04:00,591.39,591.59,591.32,591.35,591.35,131504
2025-09-16T10:02:00-04:00,591.36,591.48,591.24,591.31,591.31,156015
2025-09-16T10:03:00-04:00,591.29,591.445,591.15,591.42,591.42,213195
2025-09-16T10:04:00-04:00,591.42,591.52,591.31,591.33,591.33,129099
2025-09-16T10:05:00-04:00,591.32,591.47,591.31,591.38,591.38,87962
2025-09-16T10:06:00-04:00,591.38,591.62,591.35,591.47,591.47,128586
2025-09-16T10:07:00-04:00,591.48,591.6,591.35,591.53,591.53,104241
2025-09-16T10:08:00-04:00,591.54,591.78,591.53,591.69,591.69,100222
2025-09-16T10:09:00-04:00,591.71,591.73,591.5,591.5151,591.5151,102609
2025-09-16T10:10:00-04:00,591.5,591.6599,591.33,591.5,591.5,123204
2025-09-16T10:11:00-04:00,591.47,591.47,591.31,591.36,591.36,88810
2025-09-16T10:12:00-04:00,591.36,591.405,590.99,591.11,591.11,181663
2025-09-16T10:13:00-04:00,591.11,591.4,591.03,591.37,591.37,119335
2025-09-16T10:14:00-04:00,591.36,591.53,591.35,591.38,591.38,118675
2025-09-16T10:15:00-04:00,591.36,591.62,591.33,591.54,591.54,107458
2025-09-16T10:16:00-04:00,591.52,591.615,591.47,591.52,591.52,72536
2025-09-16T10:17:00-04:00,591.51,591.74,591.5,591.71,591.71,136476
2025-09-16T10:18:00-04:00,591.7,591.88,591.69,591.75,591.75,135513
2025-09-16T10:19:00-04:00,591.76,591.78,591.58,591.595,591.595,117672
2025-09-16T10:20:00-04:00,591.58,591.77,591.31,591.675,591.675,146196
2025-09-16T10:21:00-04:00,591.66,591.7364,591.61,591.73,591.73,80406
2025-09-16T10:22:00-04:00,591.7,591.87,591.7,591.8,591.8,71062
2025-09-16T10:23:00-04:00,591.8,591.895,591.77,591.89,591.89,72714
2025-09-16T10:24:00-04:00,591.89,591.91,591.76,591.83,591.83,84404
2025-09-16T10:25:00-04:00,591.84,591.85,591.66,591.7384,591.7384,93340
2025-09-16T10:26:00-04:00,591.72,591.73,591.51,591.5743,591.5743,101058
2025-09-16T10:27:00-04:00,591.58,591.6047,591.41,591.43,591.43,68111
2025-09-16T10:28:00-04:00,591.43,591.58,591.42,591.49,591.49,45273
2025-09-16T10:29:00-04:00,591.49,591.5757,591.315,591.405,591.405,89653
2025-09-16T10:30:00-04:00,591.41,591.51,591.3457,591.47,591.47,118622
2025-09-16T10:31:00-04:00,591.46,591.51,591.39,591.42,591.42,58254
2025-09-16T10:32:00-04:00,591.43,591.51,591.32,591.48,591.48,75485
2025-09-16T10:33:00-04:00,591.47,591.53,591.32,591.47,591.47,59797
2025-09-16T10:34:00-04:00,591.47,591.64,591.455,591.57,591.57,88382
2025-09-16T10:35:00-04:00,591.56,591.62,591.465,591.61,591.61,58269
2025-09-16T10:36:00-04:00,591.63,591.73,591.54,591.73,591.73,69208
2025-09-16T10:37:00-04:00,591.72,591.84,591.68,591.68,591.68,148329
2025-09-16T10:38:00-04:00,591.69,591.72,591.15,591.17,591.17,175582
2025-09-16T10:39:00-04:00,591.18,591.3,591.18,591.27,591.27,78311
2025-09-16T10:40:00-04:00,591.3,591.4,591.21,591.23,591.23,94548
2025-09-16T10:41:00-04:00,591.24,591.34,591.23,591.26,591.26,67169
2025-09-16T10:42:00-04:00,591.26,591.3885,591.26,591.37,591.37,53144
2025-09-16T10:43:00-04:00,591.36,591.38,591.235,591.3,591.3,52566
2025-09-16T10:44:00-04:00,591.305,591.355,591.24,591.24,591.24,34099
2025-09-16T10:45:00-04:00,591.24,591.3,591.128,591.1634,591.1634,140463
2025-09-16T10:46:00-04:00,591.17,591.4,591.17,591.37,591.37,55646
2025-09-16T10:47:00-04:00,591.37,591.52,591.34,591.45,591.45,52987
2025-09-16T10:48:00-04:00,591.45,591.51,591.39,591.44,591.44,114371
2025-09-16T10:49:00-04:00,591.44,591.46,591.34,591.4,591.4,55483
2025-09-16T10:50:00-04:00,591.39,591.46,591.37,591.415,591.415,42034
2025-09-16T10:51:00-04:00,591.42,591.51,591.36,591.39,591.39,38789
2025-09-16T10:52:00-04:00,591.38,591.54,591.37,591.49,591.49,72921
2025-09-16T10:53:00-04:00,591.5,591.61,591.47,591.56,591.56,70026
2025-09-16T10:54:00-04:00,591.56,591.68,591.55,591.6,591.6,66548
2025-09-16T10:55:00-04:00,591.6,591.61,591.425,591.45,591.45,73075
2025-09-16T10:56:00-04:00,591.45,591.48,591.405,591.47,591.47,44213
2025-09-16T10:57:00-04:00,591.48,591.5057,591.36,591.36,591.36,50860
2025-09-16T10:58:00-04:00,591.36,591.53,591.34,591.5181,591.5181,54610
2025-09-16T10:59:00-04:00,591.51,591.56,591.35,591.392,591.392,64464
2025-09-16T11:00:00-04:00,591.39,591.43,591.14,591.15,591.15,132809
2025-09-16T11:01:00-04:00,591.1513,591.2094,590.945,591.02,591.02,155304
2025-09-16T11:02:00-04:00,591.01,591.085,590.825,590.8481,590.8481,129204
2025-09-16T11:03:00-04:00,590.86,590.87,590.74,590.8,590.8,78138
2025-09-16T11:04:00-04:00,590.78,590.92,590.77,590.8799,590.8799,80726
2025-09-16T11:05:00-04:00,590.87,591.03,590.85,590.94,590.94,94035
2025-09-16T11:06:00-04:00,590.94,591.09,590.9,591.0264,591.0264,64914
2025-09-16T11:07:00-04:00,591.03,591.19,591.03,591.13,591.13,82052
2025-09-16T11:08:00-04:00,591.12,591.145,590.98,591.01,591.01,58568
2025-09-16T11:09:00-04:00,591.02,591.1499,591.01,591.14,591.14,41500
2025-09-16T11:10:00-04:00,591.13,591.33,591.11,591.28,591.28,97620
2025-09-16T11:11:00-04:00,591.2701,591.33,591.06,591.09,591.09,67277
2025-09-16T11:12:00-04:00,591.09,591.145,591.0345,591.08,591.08,51490
2025-09-16T11:13:00-04:00,591.1,591.11,590.955,591.04,591.04,44515
2025-09-16T11:14:00-04:00,591.06,591.19,591.03,591.19,591.19,59229
2025-09-16T11:15:00-04:00,591.18,591.18,591.04,591.08,591.08,65520
2025-09-16T11:16:00-04:00,591.09,591.21,591.09,591.18,591.18,56710
2025-09-16T11:17:00-04:00,591.17,591.1701,590.94,590.99,590.99,78232
2025-09-16T11:18:00-04:00,590.99,591.01,590.92,591,591,50509
2025-09-16T11:19:00-04:00,591.005,591.25,590.97,591.2301,591.2301,80360
2025-09-16T11:20:00-04:00,591.23,591.4,591.18,591.3625,591.3625,73544
2025-09-16T11:21:00-04:00,591.4,591.4751,591.38,591.41,591.41,62237
2025-09-16T11:22:00-04:00,591.42,591.49,591.39,591.41,591.41,48402
2025-09-16T11:23:00-04:00,591.42,591.435,591.27,591.27,591.27,52441
2025-09-16T11:24:00-04:00,591.2501,591.2501,591.0894,591.1,591.1,89471
2025-09-16T11:25:00-04:00,591.1,591.21,591.04,591.07,591.07,50049
2025-09-16T11:26:00-04:00,591.09,591.25,591.07,591.22,591.22,43645
2025-09-16T11:27:00-04:00,591.22,591.26,591.1,591.1,591.1,162359
2025-09-16T11:28:00-04:00,591.11,591.13,590.93,590.9705,590.9705,63170
2025-09-16T11:29:00-04:00,590.98,591.05,590.88,590.92,590.92,55955
2025-09-16T11:30:00-04:00,590.91,590.98,590.86,590.98,590.98,69566
2025-09-16T11:31:00-04:00,590.98,591.08,590.965,590.99,590.99,53739
2025-09-16T11:32:00-04:00,590.98,590.9922,590.895,590.9,590.9,46691
2025-09-16T11:33:00-04:00,590.91,590.93,590.83,590.84,590.84,46360
2025-09-16T11:34:00-04:00,590.86,590.925,590.8201,590.84,590.84,38068
2025-09-16T11:35:00-04:00,590.86,590.89,590.81,590.8593,590.8593,42489
2025-09-16T11:36:00-04:00,590.86,590.91,590.8,590.805,590.805,50482
2025-09-16T11:37:00-04:00,590.8,590.86,590.73,590.735,590.735,57336
2025-09-16T11:38:00-04:00,590.76,590.9255,590.76,590.895,590.895,52507
2025-09-16T11:39:00-04:00,590.9,590.99,590.88,590.97,590.97,45317
2025-09-16T11:40:00-04:00,590.97,591.06,590.83,590.84,590.84,83858
2025-09-16T11:41:00-04:00,590.835,590.835,590.64,590.6943,590.6943,89667
2025-09-16T11:42:00-04:00,590.7,590.72,590.5611,590.65,590.65,73569
2025-09-16T11:43:00-04:00,590.65,590.74,590.58,590.69,590.69,67420
2025-09-16T11:44:00-04:00,590.71,590.79,590.64,590.7662,590.7662,56642
2025-09-16T11:45:00-04:00,590.7899,591,590.78,590.97,590.97,65893
2025-09-16T11:46:00-04:00,590.97,591.02,590.88,590.95,590.95,65169
2025-09-16T11:47:00-04:00,590.95,591.055,590.9,590.9043,590.9043,64157
2025-09-16T11:48:00-04:00,590.9,590.959,590.76,590.78,590.78,50388
2025-09-16T11:49:00-04:00,590.79,590.87,590.7557,590.79,590.79,53934
2025-09-16T11:50:00-04:00,590.79,590.86,590.74,590.78,590.78,46064
2025-09-16T11:51:00-04:00,590.7799,590.86,590.67,590.86,590.86,33706
2025-09-16T11:52:00-04:00,590.845,590.99,590.75,590.97,590.97,52717
2025-09-16T11:53:00-04:00,590.9657,591.09,590.95,591.06,591.06,41547
2025-09-16T11:54:00-04:00,591.06,591.065,591,591.04,591.04,29346
2025-09-16T11:55:00-04:00,591.0451,591.1,591.02,591.05,591.05,38413
2025-09-16T11:56:00-04:00,591.04,591.065,590.92,590.93,590.93,55364
2025-09-16T11:57:00-04:00,590.93,590.935,590.76,590.76,590.76,40027
2025-09-16T11:58:00-04:00,590.76,590.79,590.57,590.61,590.61,40440
2025-09-16T11:59:00-04:00,590.6,590.73,590.58,590.73,590.73,46896
2025-09-16T12:00:00-04:00,590.71,590.72,590.61,590.6232,590.6232,77276
2025-09-16T12:01:00-04:00,590.6213,590.83,590.6213,590.8037,590.8037,71247
2025-09-16T12:02:00-04:00,590.8,590.87,590.68,590.68,590.68,54943
2025-09-16T12:03:00-04:00,590.66,590.67,590.49,590.59,590.59,85381
2025-09-16T12:04:00-04:00,590.58,590.6,590.49,590.515,590.515,64196
2025-09-16T12:05:00-04:00,590.53,590.645,590.52,590.59,590.59,72462
2025-09-16T12:06:00-04:00,590.59,590.62,590.505,590.5208,590.5208,45390
2025-09-16T12:07:00-04:00,590.56,590.745,590.56,590.72,590.72,55225
2025-09-16T12:08:00-04:00,590.74,590.74,590.61,590.72,590.72,51030
2025-09-16T12:09:00-04:00,590.73,590.88,590.68,590.865,590.865,34761
2025-09-16T12:10:00-04:00,590.86,590.87,590.77,590.8407,590.8407,31917
2025-09-16T12:11:00-04:00,590.83,590.91,590.73,590.9,590.9,86087
2025-09-16T12:12:00-04:00,590.9,590.96,590.88,590.91,590.91,174248
2025-09-16T12:13:00-04:00,590.91,590.985,590.91,590.98,590.98,47786
2025-09-16T12:14:00-04:00,590.98,590.99,590.84,590.945,590.945,42082
2025-09-16T12:15:00-04:00,590.955,590.9893,590.89,590.9295,590.9295,43127
2025-09-16T12:16:00-04:00,590.93,590.985,590.88,590.9601,590.9601,39150
2025-09-16T12:17:00-04:00,590.96,590.97,590.86,590.95,590.95,76228
2025-09-16T12:18:00-04:00,590.94,590.96,590.86,590.875,590.875,44894
2025-09-16T12:19:00-04:00,590.89,590.94,590.875,590.91,590.91,99830
2025-09-16T12:20:00-04:00,590.91,590.965,590.84,590.87,590.87,74315
2025-09-16T12:21:00-04:00,590.87,590.9,590.8199,590.85,590.85,34336
2025-09-16T12:22:00-04:00,590.83,590.92,590.76,590.91,590.91,44892
2025-09-16T12:23:00-04:00,590.92,590.93,590.86,590.915,590.915,104983
2025-09-16T12:24:00-04:00,590.92,590.93,590.88,590.88,590.88,45191
2025-09-16T12:25:00-04:00,590.905,590.97,590.86,590.87,590.87,72998
2025-09-16T12:26:00-04:00,590.88,591,590.88,590.965,590.965,79147
2025-09-16T12:27:00-04:00,590.955,591.025,590.94,591,591,64222
2025-09-16T12:28:00-04:00,590.99,591.1,590.99,591.1,591.1,54725
2025-09-16T12:29:00-04:00,591.1,591.18,591.1,591.15,591.15,58590
2025-09-16T12:30:00-04:00,591.14,591.16,590.94,591.0699,591.0699,66749
2025-09-16T12:31:00-04:00,591.065,591.12,590.98,591.01,591.01,42128
2025-09-16T12:32:00-04:00,591.03,591.1,590.98,591.02,591.02,35579
2025-09-16T12:33:00-04:00,591.02,591.025,590.99,591.01,591.01,25717
2025-09-16T12:34:00-04:00,591.009,591.07,590.95,591.04,591.04,30449
2025-09-16T12:35:00-04:00,591.02,591.04,590.84,590.855,590.855,49997
2025-09-16T12:36:00-04:00,590.87,590.89,590.71,590.81,590.81,49082
2025-09-16T12:37:00-04:00,590.805,591,590.805,590.9299,590.9299,39526
2025-09-16T12:38:00-04:00,590.93,591.13,590.92,591.1,591.1,43579
2025-09-16T12:39:00-04:00,591.09,591.17,591.06,591.1,591.1,41015
2025-09-16T12:40:00-04:00,591.11,591.17,590.995,591.01,591.01,49514
2025-09-16T12:41:00-04:00,591,591.05,590.9,590.91,590.91,29484
2025-09-16T12:42:00-04:00,590.91,590.92,590.84,590.9,590.9,30833
2025-09-16T12:43:00-04:00,590.915,590.96,590.87,590.91,590.91,14776
2025-09-16T12:44:00-04:00,590.91,591.015,590.91,591.015,591.015,38124
2025-09-16T12:45:00-04:00,591.015,591.095,590.97,591.04,591.04,48752
2025-09-16T12:46:00-04:00,591.04,591.1,591.04,591.08,591.08,148505
2025-09-16T12:47:00-04:00,591.08,591.1001,591.02,591.058,591.058,38247
2025-09-16T12:48:00-04:00,591.06,591.09,590.89,590.9,590.9,53206
2025-09-16T12:49:00-04:00,590.92,590.965,590.87,590.91,590.91,33987
2025-09-16T12:50:00-04:00,590.92,591.005,590.88,590.97,590.97,123815
2025-09-16T12:51:00-04:00,590.97,591.06,590.9301,591.0401,591.0401,32367
2025-09-16T12:52:00-04:00,591.04,591.07,590.983,591.03,591.03,21587
2025-09-16T12:53:00-04:00,591.04,591.07,591.025,591.0501,591.0501,43427
2025-09-16T12:54:00-04:00,591.05,591.07,590.98,591.0551,591.0551,50800
2025-09-16T12:55:00-04:00,591.05,591.13,591.03,591.03,591.03,52185
2025-09-16T12:56:00-04:00,591.04,591.2,591.025,591.1409,591.1409,112794
2025-09-16T12:57:00-04:00,591.14,591.27,591.12,591.27,591.27,50792
2025-09-16T12:58:00-04:00,591.2719,591.3,591.2,591.22,591.22,48670
2025-09-16T12:59:00-04:00,591.23,591.23,591.05,591.0985,591.0985,48318
2025-09-16T13:00:00-04:00,591.09,591.26,591.08,591.26,591.26,58183
2025-09-16T13:01:00-04:00,591.26,591.29,591.2,591.26,591.26,41184
2025-09-16T13:02:00-04:00,591.25,591.34,591.235,591.25,591.25,758823
2025-09-16T13:03:00-04:00,591.25,591.3,591.16,591.255,591.255,79505
2025-09-16T13:04:00-04:00,591.26,591.32,591.24,591.28,591.28,43442
2025-09-16T13:05:00-04:00,591.275,591.31,591.195,591.28,591.28,49928
2025-09-16T13:06:00-04:00,591.29,591.4,591.29,591.36,591.36,40704
2025-09-16T13:07:00-04:00,591.36,591.43,591.36,591.39,591.39,62685
2025-09-16T13:08:00-04:00,591.39,591.395,591.31,591.37,591.37,50751
2025-09-16T13:09:00-04:00,591.37,591.4081,591.3564,591.38,591.38,32971
2025-09-16T13:10:00-04:00,591.38,591.38,591.32,591.36,591.36,42816
2025-09-16T13:11:00-04:00,591.36,591.37,591.29,591.34,591.34,38969
2025-09-16T13:12:00-04:00,591.34,591.435,591.34,591.406,591.406,52425
2025-09-16T13:13:00-04:00,591.42,591.4784,591.41,591.44,591.44,59767
2025-09-16T13:14:00-04:00,591.44,591.465,591.42,591.45,591.45,37178
2025-09-16T13:15:00-04:00,591.435,591.5,591.43,591.48,591.48,49678
2025-09-16T13:16:00-04:00,591.47,591.51,591.4,591.4226,591.4226,80284
2025-09-16T13:17:00-04:00,591.4251,591.47,591.4251,591.44,591.44,33007
2025-09-16T13:18:00-04:00,591.46,591.49,591.44,591.455,591.455,25292
2025-09-16T13:19:00-04:00,591.45,591.46,591.35,591.4001,591.4001,58156
2025-09-16T13:20:00-04:00,591.4,591.465,591.4,591.42,591.42,32485
2025-09-16T13:21:00-04:00,591.42,591.47,591.4,591.47,591.47,20417
2025-09-16T13:22:00-04:00,591.48,591.63,591.465,591.6,591.6,66893
2025-09-16T13:23:00-04:00,591.6,591.61,591.54,591.56,591.56,38047
2025-09-16T13:24:00-04:00,591.56,591.565,591.52,591.525,591.525,179201
2025-09-16T13:25:00-04:00,591.53,591.54,591.45,591.485,591.485,27438
2025-09-16T13:26:00-04:00,591.49,591.53,591.46,591.49,591.49,29682
2025-09-16T13:27:00-04:00,591.49,591.505,591.35,591.4,591.4,53940
2025-09-16T13:28:00-04:00,591.41,591.43,591.315,591.32,591.32,43202
2025-09-16T13:29:00-04:00,591.325,591.34,591.27,591.31,591.31,38923
2025-09-16T13:30:00-04:00,591.33,591.33,591.215,591.215,591.215,66394
2025-09-16T13:31:00-04:00,591.24,591.41,591.215,591.39,591.39,45257
2025-09-16T13:32:00-04:00,591.3833,591.39,591.27,591.39,591.39,44040
2025-09-16T13:33:00-04:00,591.39,591.405,591.34,591.36,591.36,43228
2025-09-16T13:34:00-04:00,591.36,591.4001,591.32,591.35,591.35,41258
2025-09-16T13:35:00-04:00,591.3403,591.38,591.18,591.19,591.19,49517
2025-09-16T13:36:00-04:00,591.18,591.23,591.162,591.18,591.18,206908
2025-09-16T13:37:00-04:00,591.17,591.23,591.14,591.23,591.23,41000
2025-09-16T13:38:00-04:00,591.22,591.2566,591.22,591.25,591.25,67327
2025-09-16T13:39:00-04:00,591.25,591.33,591.25,591.3149,591.3149,55578
2025-09-16T13:40:00-04:00,591.31,591.31,591.23,591.3012,591.3012,47861
2025-09-16T13:41:00-04:00,591.32,591.325,591.23,591.24,591.24,33455
2025-09-16T13:42:00-04:00,591.25,591.29,591.2,591.23,591.23,41024
2025-09-16T13:43:00-04:00,591.23,591.26,591.1999,591.22,591.22,38884
2025-09-16T13:44:00-04:00,591.23,591.26,591.19,591.225,591.225,23659
2025-09-16T13:45:00-04:00,591.225,591.27,591.19,591.2364,591.2364,39044
2025-09-16T13:46:00-04:00,591.26,591.34,591.26,591.31,591.31,40160
2025-09-16T13:47:00-04:00,591.32,591.33,591.28,591.33,591.33,54189
2025-09-16T13:48:00-04:00,591.33,591.39,591.3299,591.38,591.38,42431
2025-09-16T13:49:00-04:00,591.372,591.38,591.31,591.33,591.33,38642
2025-09-16T13:50:00-04:00,591.32,591.33,591.17,591.21,591.21,39874
2025-09-16T13:51:00-04:00,591.2001,591.205,591.12,591.15,591.15,52786
2025-09-16T13:52:00-04:00,591.155,591.18,591.07,591.18,591.18,85605
2025-09-16T13:53:00-04:00,591.18,591.295,591.165,591.27,591.27,51104
2025-09-16T13:54:00-04:00,591.26,591.36,591.26,591.33,591.33,239110
2025-09-16T13:55:00-04:00,591.34,591.4,591.33,591.3838,591.3838,61962
2025-09-16T13:56:00-04:00,591.37,591.425,591.3501,591.4,591.4,39941
2025-09-16T13:57:00-04:00,591.395,591.45,591.38,591.4,591.4,28973
2025-09-16T13:58:00-04:00,591.405,591.44,591.39,591.42,591.42,29060
2025-09-16T13:59:00-04:00,591.4,591.4013,591.3,591.36,591.36,36427
2025-09-16T14:00:00-04:00,591.355,591.358,591.23,591.25,591.25,107617
2025-09-16T14:01:00-04:00,591.25,591.2555,591.1,591.15,591.15,54893
2025-09-16T14:02:00-04:00,591.135,591.23,591.12,591.23,591.23,63053
2025-09-16T14:03:00-04:00,591.24,591.26,591.105,591.105,591.105,37777
2025-09-16T14:04:00-04:00,591.111,591.245,591.111,591.21,591.21,30822
2025-09-16T14:05:00-04:00,591.21,591.215,591.12,591.145,591.145,49223
2025-09-16T14:06:00-04:00,591.16,591.41,591.16,591.41,591.41,45997
2025-09-16T14:07:00-04:00,591.41,591.44,591.38,591.4,591.4,50862
2025-09-16T14:08:00-04:00,591.4,591.405,591.37,591.3799,591.3799,34755
2025-09-16T14:09:00-04:00,591.39,591.395,591.2601,591.2714,591.2714,27228
2025-09-16T14:10:00-04:00,591.28,591.325,591.25,591.285,591.285,25614
2025-09-16T14:11:00-04:00,591.2881,591.37,591.25,591.345,591.345,26504
2025-09-16T14:12:00-04:00,591.34,591.345,591.21,591.24,591.24,33743
2025-09-16T14:13:00-04:00,591.235,591.235,591.125,591.18,591.18,32603
2025-09-16T14:14:00-04:00,591.175,591.23,591.165,591.1701,591.1701,46240
2025-09-16T14:15:00-04:00,591.16,591.258,591.15,591.22,591.22,56323
2025-09-16T14:16:00-04:00,591.21,591.25,591.145,591.19,591.19,44367
2025-09-16T14:17:00-04:00,591.19,591.21,591.15,591.16,591.16,143873
2025-09-16T14:18:00-04:00,591.17,591.2942,591.17,591.2101,591.2101,52502
2025-09-16T14:19:00-04:00,591.2145,591.29,591.205,591.25,591.25,22245
2025-09-16T14:20:00-04:00,591.25,591.295,591.18,591.29,591.29,38143
2025-09-16T14:21:00-04:00,591.29,591.36,591.29,591.3,591.3,52394
2025-09-16T14:22:00-04:00,591.3,591.37,591.3,591.32,591.32,42250
2025-09-16T14:23:00-04:00,591.32,591.36,591.31,591.3201,591.3201,31299
2025-09-16T14:24:00-04:00,591.32,591.3501,591.26,591.31,591.31,135498
2025-09-16T14:25:00-04:00,591.3,591.4,591.29,591.38,591.38,45086
2025-09-16T14:26:00-04:00,591.37,591.385,591.35,591.37,591.37,28276
2025-09-16T14:27:00-04:00,591.36,591.385,591.3,591.3,591.3,32472
2025-09-16T14:28:00-04:00,591.295,591.32,591.25,591.27,591.27,19117
2025-09-16T14:29:00-04:00,591.2696,591.34,591.2696,591.285,591.285,30643
2025-09-16T14:30:00-04:00,591.28,591.3,591.21,591.25,591.25,49948
2025-09-16T14:31:00-04:00,591.25,591.41,591.25,591.3899,591.3899,91109
2025-09-16T14:32:00-04:00,591.38,591.41,591.35,591.36,591.36,59748
2025-09-16T14:33:00-04:00,591.35,591.35,591.3,591.335,591.335,37741
2025-09-16T14:34:00-04:00,591.33,591.37,591.3036,591.3077,591.3077,35647
2025-09-16T14:35:00-04:00,591.31,591.33,591.26,591.3,591.3,42076
2025-09-16T14:36:00-04:00,591.31,591.44,591.3,591.438,591.438,54531
2025-09-16T14:37:00-04:00,591.4372,591.51,591.4372,591.48,591.48,44783
2025-09-16T14:38:00-04:00,591.48,591.505,591.43,591.462,591.462,37387
2025-09-16T14:39:00-04:00,591.46,591.46,591.33,591.33,591.33,61622
2025-09-16T14:40:00-04:00,591.34,591.435,591.33,591.36,591.36,68612
2025-09-16T14:41:00-04:00,591.36,591.405,591.33,591.37,591.37,35631
2025-09-16T14:42:00-04:00,591.36,591.41,591.33,591.41,591.41,35228
2025-09-16T14:43:00-04:00,591.41,591.47,591.4,591.42,591.42,57968
2025-09-16T14:44:00-04:00,591.422,591.43,591.39,591.4146,591.4146,204587
2025-09-16T14:45:00-04:00,591.43,591.54,591.4299,591.5199,591.5199,49105
2025-09-16T14:46:00-04:00,591.51,591.5801,591.495,591.58,591.58,43805
2025-09-16T14:47:00-04:00,591.58,591.6342,591.55,591.595,591.595,32734
2025-09-16T14:48:00-04:00,591.59,591.59,591.505,591.54,591.54,42156
2025-09-16T14:49:00-04:00,591.53,591.57,591.5272,591.53,591.53,29097
2025-09-16T14:50:00-04:00,591.53,591.67,591.53,591.62,591.62,93156
2025-09-16T14:51:00-04:00,591.6191,591.67,591.59,591.6551,591.6551,50256
2025-09-16T14:52:00-04:00,591.65,591.71,591.6188,591.66,591.66,43877
2025-09-16T14:53:00-04:00,591.66,591.69,591.62,591.65,591.65,36658
2025-09-16T14:54:00-04:00,591.65,591.67,591.595,591.61,591.61,40269
2025-09-16T14:55:00-04:00,591.62,591.63,591.56,591.61,591.61,29257
2025-09-16T14:56:00-04:00,591.62,591.64,591.595,591.6,591.6,37064
2025-09-16T14:57:00-04:00,591.61,591.72,591.61,591.715,591.715,102174
2025-09-16T14:58:00-04:00,591.71,591.74,591.66,591.715,591.715,77186
2025-09-16T14:59:00-04:00,591.71,591.7182,591.66,591.6957,591.6957,36797
2025-09-16T15:00:00-04:00,591.7,591.73,591.67,591.72,591.72,83287
2025-09-16T15:01:00-04:00,591.73,591.81,591.7,591.79,591.79,101632
2025-09-16T15:02:00-04:00,591.79,591.87,591.79,591.8,591.8,58615
2025-09-16T15:03:00-04:00,591.8,591.83,591.76,591.7774,591.7774,75998
2025-09-16T15:04:00-04:00,591.77,591.81,591.76,591.775,591.775,47306
2025-09-16T15:05:00-04:00,591.78,591.89,591.78,591.88,591.88,42403
2025-09-16T15:06:00-04:00,591.88,591.96,591.87,591.88,591.88,158445
2025-09-16T15:07:00-04:00,591.89,591.9362,591.88,591.93,591.93,41001
2025-09-16T15:08:00-04:00,591.94,591.95,591.85,591.88,591.88,63070
2025-09-16T15:09:00-04:00,591.88,591.88,591.7607,591.8,591.8,63380
2025-09-16T15:10:00-04:00,591.795,591.84,591.72,591.73,591.73,128646
2025-09-16T15:11:00-04:00,591.74,591.75,591.67,591.6951,591.6951,71158
2025-09-16T15:12:00-04:00,591.69,591.77,591.685,591.7527,591.7527,50924
2025-09-16T15:13:00-04:00,591.755,591.835,591.755,591.835,591.835,67083
2025-09-16T15:14:00-04:00,591.83,591.84,591.78,591.78,591.78,57494
2025-09-16T15:15:00-04:00,591.79,591.83,591.73,591.75,591.75,118731
2025-09-16T15:16:00-04:00,591.75,591.8,591.73,591.77,591.77,39641
2025-09-16T15:17:00-04:00,591.76,591.7665,591.72,591.745,591.745,43448
2025-09-16T15:18:00-04:00,591.745,591.79,591.715,591.74,591.74,41298
2025-09-16T15:19:00-04:00,591.74,591.8,591.74,591.77,591.77,40153
2025-09-16T15:20:00-04:00,591.77,591.81,591.71,591.8,591.8,53749
2025-09-16T15:21:00-04:00,591.8,591.8601,591.79,591.8101,591.8101,53398
2025-09-16T15:22:00-04:00,591.8101,591.82,591.765,591.79,591.79,35063
2025-09-16T15:23:00-04:00,591.8,591.81,591.73,591.74,591.74,35167
2025-09-16T15:24:00-04:00,591.74,591.74,591.66,591.7,591.7,71941
2025-09-16T15:25:00-04:00,591.7,591.71,591.655,591.675,591.675,52823
2025-09-16T15:26:00-04:00,591.68,591.69,591.51,591.58,591.58,138356
2025-09-16T15:27:00-04:00,591.585,591.605,591.4095,591.44,591.44,108816
2025-09-16T15:28:00-04:00,591.44,591.515,591.415,591.4821,591.4821,101808
2025-09-16T15:29:00-04:00,591.49,591.58,591.455,591.4799,591.4799,54868
2025-09-16T15:30:00-04:00,591.475,591.515,591.46,591.48,591.48,179535
2025-09-16T15:31:00-04:00,591.47,591.49,591.355,591.4,591.4,80260
2025-09-16T15:32:00-04:00,591.4,591.47,591.3919,591.43,591.43,308920
2025-09-16T15:33:00-04:00,591.42,591.48,591.4,591.41,591.41,65532
2025-09-16T15:34:00-04:00,591.41,591.485,591.38,591.44,591.44,71897
2025-09-16T15:35:00-04:00,591.45,591.46,591.36,591.38,591.38,55689
2025-09-16T15:36:00-04:00,591.38,591.43,591.345,591.365,591.365,88677
2025-09-16T15:37:00-04:00,591.37,591.41,591.295,591.38,591.38,100824
2025-09-16T15:38:00-04:00,591.37,591.54,591.36,591.41,591.41,159853
2025-09-16T15:39:00-04:00,591.41,591.44,591.385,591.4,591.4,59415
2025-09-16T15:40:00-04:00,591.4,591.53,591.4,591.46,591.46,118373
2025-09-16T15:41:00-04:00,591.455,591.49,591.39,591.405,591.405,259063
2025-09-16T15:42:00-04:00,591.41,591.52,591.3623,591.485,591.485,53204
2025-09-16T15:43:00-04:00,591.49,591.615,591.48,591.49,591.49,102081
2025-09-16T15:44:00-04:00,591.5,591.51,591.42,591.45,591.45,57343
2025-09-16T15:45:00-04:00,591.45,591.57,591.435,591.55,591.55,74226
2025-09-16T15:46:00-04:00,591.56,591.6593,591.5419,591.6593,591.6593,38898
2025-09-16T15:47:00-04:00,591.65,591.7,591.628,591.67,591.67,113893
2025-09-16T15:48:00-04:00,591.67,591.675,591.575,591.62,591.62,95612
2025-09-16T15:49:00-04:00,591.62,591.655,591.59,591.635,591.635,95568
2025-09-16T15:50:00-04:00,591.64,592.07,591.64,591.958,591.958,458931
2025-09-16T15:51:00-04:00,591.95,591.95,591.82,591.87,591.87,126147
2025-09-16T15:52:00-04:00,591.87,591.945,591.76,591.795,591.795,115543
2025-09-16T15:53:00-04:00,591.805,591.805,591.55,591.585,591.585,164216
2025-09-16T15:54:00-04:00,591.59,591.71,591.46,591.56,591.56,241474
2025-09-16T15:55:00-04:00,591.57,591.72,591.45,591.67,591.67,270641
2025-09-16T15:56:00-04:00,591.66,591.72,591.63,591.645,591.645,147215
2025-09-16T15:57:00-04:00,591.64,591.64,591.485,591.57,591.57,226404
2025-09-16T15:58:00-04:00,591.57,591.6,591.41,591.42,591.42,305744
2025-09-16T15:59:00-04:00,591.43,591.43,591.01,591.17,591.17,1085298.0
2025-09-16T16:00:00-04:00,591.15,591.3,591.11,591.2903,591.2903,142702
2025-09-16T16:01:00-04:00,591.31,591.37,591.2601,591.34,591.34,41482
2025-09-16T16:02:00-04:00,591.35,591.47,591.34,591.46,591.46,34679
2025-09-16T16:03:00-04:00,591.45,591.5,591.43,591.46,591.46,27677
2025-09-16T16:04:00-04:00,591.46,591.49,591.46,591.46,591.46,100050
2025-09-16T16:05:00-04:00,591.46,591.48,591.18,591.45,591.45,22105
2025-09-16T16:06:00-04:00,591.48,591.48,591.33,591.33,591.33,16537
2025-09-16T16:07:00-04:00,591.35,591.3901,591.35,591.36,591.36,19783
2025-09-16T16:08:00-04:00,591.3813,591.3813,591.25,591.29,591.29,36977
2025-09-16T16:09:00-04:00,591.31,591.35,591.29,591.35,591.35,18105
2025-09-16T16:10:00-04:00,591.38,591.4,591.35,591.3596,591.3596,2940
2025-09-16T16:11:00-04:00,591.36,591.38,591.35,591.38,591.38,555824
2025-09-16T16:12:00-04:00,591.37,591.38,591.35,591.38,591.38,49259
2025-09-16T16:13:00-04:00,591.34,591.37,591.34,591.36,591.36,7367
2025-09-16T16:14:00-04:00,591.37,591.4,591.35,591.4,591.4,18813
2025-09-16T16:15:00-04:00,591.4176,591.48,591.4176,591.47,591.47,7379
2025-09-16T16:16:00-04:00,591.48,591.5,591.48,591.5,591.5,27495
2025-09-16T16:17:00-04:00,591.5,591.5105,591.5,591.5105,591.5105,2517
2025-09-16T16:18:00-04:00,591.51,591.51,591.51,591.51,591.51,1508
2025-09-16T16:19:00-04:00,591.53,591.53,591.52,591.53,591.53,2609
2025-09-16T16:20:00-04:00,591.48,591.48,591.44,591.44,591.44,4474
2025-09-16T16:21:00-04:00,591.44,591.44,591.44,591.44,591.44,694
2025-09-16T16:22:00-04:00,591.43,591.43,591.43,591.43,591.43,278
2025-09-16T16:23:00-04:00,591.4798,591.4798,591.4798,591.4798,591.4798,262
2025-09-16T16:24:00-04:00,591.5,591.5,591.5,591.5,591.5,2567
2025-09-16T16:25:00-04:00,591.5,591.5,591.5,591.5,591.5,200
2025-09-16T16:26:00-04:00,591.49,591.49,591.49,591.49,591.49,857
2025-09-16T16:27:00-04:00,591.45,591.45,591.18,591.45,591.45,12437
2025-09-16T16:29:00-04:00,591.49,591.49,591.49,591.49,591.49,377
2025-09-16T16:30:00-04:00,591.49,591.49,591.49,591.49,591.49,553
2025-09-16T16:32:00-04:00,591.53,591.57,591.53,591.55,591.55,3371
2025-09-16T16:33:00-04:00,591.54,591.56,591.52,591.5401,591.5401,4154
2025-09-16T16:34:00-04:00,591.55,591.55,591.52,591.52,591.52,207293
2025-09-16T16:35:00-04:00,591.52,591.52,591.52,591.52,591.52,377
2025-09-16T16:36:00-04:00,591.51,591.54,591.51,591.54,591.54,1702
2025-09-16T16:38:00-04:00,591.55,591.55,591.55,591.55,591.55,1031
2025-09-16T16:39:00-04:00,591.5701,591.5701,591.5701,591.5701,591.5701,990
2025-09-16T16:40:00-04:00,591.57,591.5703,591.57,591.57,591.57,733
2025-09-16T16:41:00-04:00,591.58,591.6,591.5501,591.5501,591.5501,10895
2025-09-16T16:43:00-04:00,591.59,591.59,591.58,591.58,591.58,413
2025-09-16T16:44:00-04:00,591.5725,591.5725,591.5725,591.5725,591.5725,461
2025-09-16T16:46:00-04:00,591.55,591.55,591.55,591.55,591.55,769
2025-09-16T16:47:00-04:00,591.55,591.55,591.51,591.51,591.51,2952
2025-09-16T16:48:00-04:00,591.55,591.55,591.5,591.5,591.5,734
2025-09-16T16:49:00-04:00,591.5,591.51,591.5,591.51,591.51,4186
2025-09-16T16:50:00-04:00,591.5101,591.54,591.5101,591.52,591.52,19525
2025-09-16T16:51:00-04:00,591.5,591.51,591.5,591.5,591.5,9263
2025-09-16T16:53:00-04:00,591.5,591.5,591.5,591.5,591.5,274
2025-09-16T16:54:00-04:00,591.51,591.52,591.51,591.52,591.52,1291
2025-09-16T16:55:00-04:00,591.49,591.53,591.49,591.53,591.53,694
2025-09-16T16:56:00-04:00,591.52,591.52,591.47,591.47,591.47,10085
2025-09-16T16:57:00-04:00,591.47,591.47,591.45,591.46,591.46,12199
2025-09-16T16:58:00-04:00,591.48,591.48,591.35,591.35,591.35,8928
2025-09-16T16:59:00-04:00,591.31,591.31,591.27,591.27,591.27,26754
2025-09-16T17:01:00-04:00,591.29,591.31,591.29,591.31,591.31,1671
2025-09-16T17:03:00-04:00,591.4,591.4,591.4,591.4,591.4,350
2025-09-16T17:05:00-04:00,591.4,591.4,591.4,591.4,591.4,622
2025-09-16T17:06:00-04:00,591.4001,591.4001,591.4,591.4,591.4,1436
2025-09-16T17:07:00-04:00,591.4,591.4,591.4,591.4,591.4,1602
2025-09-16T17:08:00-04:00,591.3997,591.3997,591.3997,591.3997,591.3997,6900
2025-09-16T17:09:00-04:00,591.38,591.38,591.38,591.38,591.38,203
2025-09-16T17:12:00-04:00,591.31,591.31,591.31,591.31,591.31,955
2025-09-16T17:15:00-04:00,591.41,591.46,591.41,591.4206,591.4206,2927
2025-09-16T17:16:00-04:00,591.46,591.46,591.46,591.46,591.46,3135
2025-09-16T17:17:00-04:00,591.45,591.46,591.45,591.46,591.46,1806
2025-09-16T17:18:00-04:00,591.46,591.46,591.45,591.45,591.45,1139
2025-09-16T17:21:00-04:00,591.45,591.45,591.42,591.42,591.42,433
2025-09-16T17:22:00-04:00,591.42,591.42,591.42,591.42,591.42,670
2025-09-16T17:24:00-04:00,591.45,591.45,591.45,591.45,591.45,118
2025-09-16T17:25:00-04:00,591.44,591.44,591.43,591.43,591.43,1387
2025-09-16T17:27:00-04:00,591.42,591.42,591.42,591.42,591.42,339
2025-09-16T17:28:00-04:00,591.44,591.44,591.4238,591.4238,591.4238,314
2025-09-16T17:41:00-04:00,591.44,591.44,591.42,591.44,591.44,4930
2025-09-16T17:42:00-04:00,591.42,591.42,591.42,591.42,591.42,2040
2025-09-16T17:45:00-04:00,591.3,591.3,591.3,591.3,591.3,272
2025-09-16T17:48:00-04:00,591.32,591.32,591.32,591.32,591.32,727
2025-09-16T17:54:00-04:00,591.39,591.39,591.39,591.39,591.39,162
2025-09-16T17:56:00-04:00,591.384,591.384,591.37,591.37,591.37,644
2025-09-16T17:57:00-04:00,591.3172,591.3172,591.3,591.3,591.3,630
2025-09-16T17:59:00-04:00,591.3,591.34,591.3,591.34,591.34,282
2025-09-16T18:00:00-04:00,591.32,591.4,591.28,591.4,591.4,8951
2025-09-16T18:01:00-04:00,591.34,591.34,591.26,591.26,591.26,967
2025-09-16T18:02:00-04:00,591.22,591.22,591.21,591.21,591.21,739
2025-09-16T18:03:00-04:00,591.24,591.24,591.24,591.24,591.24,145
2025-09-16T18:04:00-04:00,591.28,591.28,591.28,591.28,591.28,246
2025-09-16T18:05:00-04:00,591.4,591.4,591.4,591.4,591.4,1128
2025-09-16T18:06:00-04:00,591.391,591.391,591.391,591.391,591.391,159
2025-09-16T18:07:00-04:00,591.44,591.44,591.44,591.44,591.44,513
2025-09-16T18:09:00-04:00,591.44,591.45,591.44,591.44,591.44,2344
2025-09-16T18:10:00-04:00,591.42,591.42,591.42,591.42,591.42,634
2025-09-16T18:11:00-04:00,591.44,591.44,591.44,591.44,591.44,114
2025-09-16T18:12:00-04:00,591.45,591.5,591.45,591.5,591.5,2278
2025-09-16T18:13:00-04:00,591.5,591.5,591.49,591.5,591.5,4355
2025-09-16T18:15:00-04:00,591.5,591.5,591.5,591.5,591.5,160
2025-09-16T18:17:00-04:00,591.51,591.51,591.46,591.46,591.46,444
2025-09-16T18:20:00-04:00,591.44,591.44,591.44,591.44,591.44,333
2025-09-16T18:21:00-04:00,591.59,591.59,591.59,591.59,591.59,528
2025-09-16T18:23:00-04:00,591.55,591.55,591.55,591.55,591.55,109
2025-09-16T18:24:00-04:00,591.54,591.63,591.54,591.63,591.63,1654
2025-09-16T18:25:00-04:00,591.63,591.639,591.63,591.639,591.639,1041
2025-09-16T18:26:00-04:00,591.6086,591.6086,591.6086,591.6086,591.6086,773
2025-09-16T18:28:00-04:00,591.64,591.65,591.64,591.65,591.65,479
2025-09-16T18:29:00-04:00,591.66,591.66,591.66,591.66,591.66,149
2025-09-16T18:31:00-04:00,591.72,591.72,591.72,591.72,591.72,262
2025-09-16T18:32:00-04:00,591.68,591.68,591.68,591.68,591.68,581
2025-09-16T18:33:00-04:00,591.72,591.73,591.72,591.73,591.73,698
2025-09-16T18:34:00-04:00,591.73,591.73,591.7284,591.7284,591.7284,426
2025-09-16T18:35:00-04:00,591.72,591.72,591.72,591.72,591.72,511
2025-09-16T18:37:00-04:00,591.73,591.73,591.73,591.73,591.73,833
2025-09-16T18:38:00-04:00,591.75,591.75,591.75,591.75,591.75,1091
2025-09-16T18:40:00-04:00,591.75,591.75,591.75,591.75,591.75,254
2025-09-16T18:42:00-04:00,591.68,591.68,591.68,591.68,591.68,296
2025-09-16T18:46:00-04:00,591.7,591.7,591.7,591.7,591.7,117
2025-09-16T18:49:00-04:00,591.7499,591.7499,591.7499,591.7499,591.7499,116
2025-09-16T18:54:00-04:00,591.73,591.73,591.73,591.73,591.73,188
2025-09-16T18:56:00-04:00,591.75,591.75,591.75,591.75,591.75,276
2025-09-16T18:58:00-04:00,591.67,591.67,591.66,591.66,591.66,428
2025-09-16T19:01:00-04:00,591.6682,591.69,591.6682,591.69,591.69,480
2025-09-16T19:03:00-04:00,591.73,591.73,591.73,591.73,591.73,520
2025-09-16T19:08:00-04:00,591.7,591.701,591.7,591.7,591.7,316
2025-09-16T19:11:00-04:00,591.68,591.7,591.68,591.7,591.7,876
2025-09-16T19:12:00-04:00,591.69,591.69,591.62,591.62,591.62,1836
2025-09-16T19:13:00-04:00,591.64,591.64,591.64,591.64,591.64,288
2025-09-16T19:15:00-04:00,591.64,591.64,591.64,591.64,591.64,421
2025-09-16T19:16:00-04:00,591.63,591.63,591.63,591.63,591.63,202
2025-09-16T19:17:00-04:00,591.6,591.62,591.6,591.62,591.62,327
2025-09-16T19:21:00-04:00,591.62,591.62,591.62,591.62,591.62,266
2025-09-16T19:26:00-04:00,591.56,591.56,591.56,591.56,591.56,157
2025-09-16T19:27:00-04:00,591.52,591.52,591.5,591.5,591.5,448
2025-09-16T19:32:00-04:00,591.52,591.56,591.52,591.56,591.56,748
2025-09-16T19:35:00-04:00,591.549,591.549,591.549,591.549,591.549,261
2025-09-16T19:36:00-04:00,591.53,591.58,591.53,591.53,591.53,895
2025-09-16T19:38:00-04:00,591.58,591.58,591.58,591.58,591.58,199
2025-09-16T19:40:00-04:00,591.6,591.6,591.6,591.6,591.6,238
2025-09-16T19:44:00-04:00,591.5,591.5,591.5,591.5,591.5,321
2025-09-16T19:45:00-04:00,591.49,591.5,591.49,591.49,591.49,616
2025-09-16T19:46:00-04:00,591.52,591.52,591.5199,591.5199,591.5199,215
2025-09-16T19:47:00-04:00,591.52,591.55,591.52,591.55,591.55,331
2025-09-16T19:50:00-04:00,591.55,591.55,591.5499,591.55,591.55,578
2025-09-16T19:54:00-04:00,591.61,591.61,591.5991,591.5991,591.5991,448
2025-09-16T19:57:00-04:00,591.63,591.64,591.63,591.64,591.64,957
2025-09-16T19:58:00-04:00,591.67,591.67,591.67,591.67,591.67,219
2025-09-16T19:59:00-04:00,591.6307,591.65,591.59,591.59,591.59,1589
