Datetime,Open,High,Low,Close,Adj Close,Volume
2026-05-27T04:00:00-04:00,135,135.8,134.45,135.58,135.58,123050.500056
2026-05-27T04:01:00-04:00,135.39,135.52,134.5,135.42,135.42,25971.723427
2026-05-27T04:02:00-04:00,135.17,135.45,135.17,135.45,135.45,1040.368547
2026-05-27T04:03:00-04:00,135.4,135.4,135.4,135.4,135.4,495
2026-05-27T04:04:00-04:00,135.6,135.6,135.6,135.6,135.6,1234
2026-05-27T04:06:00-04:00,135.4819,135.75,135.4819,135.75,135.75,2098.007324
2026-05-27T04:07:00-04:00,135.59,135.59,135.59,135.59,135.59,463.11446
2026-05-27T04:08:00-04:00,135.59,135.64,135.58,135.64,135.64,3204.472358
2026-05-27T04:09:00-04:00,134.63,135.65,134.47,135.65,135.65,4193
2026-05-27T04:11:00-04:00,135.5,135.5,135.46,135.46,135.46,1340.315576
2026-05-27T04:12:00-04:00,135.5,135.5,135.5,135.5,135.5,767
2026-05-27T04:13:00-04:00,135.6,135.6,135.6,135.6,135.6,1097.175447
2026-05-27T04:14:00-04:00,135.62,135.62,135.5188,135.5188,135.5188,1223
2026-05-27T04:15:00-04:00,135.64,135.65,135.63,135.65,135.65,2459.59337
2026-05-27T04:16:00-04:00,135.66,135.66,135.65,135.65,135.65,497
2026-05-27T04:17:00-04:00,135.6,135.6,135.6,135.6,135.6,474
2026-05-27T04:18:00-04:00,135.57,135.57,135.5,135.5,135.5,2098
2026-05-27T04:19:00-04:00,135.46,135.51,135.46,135.51,135.51,1236.172819
2026-05-27T04:21:00-04:00,135.4,135.47,135.4,135.47,135.47,707
2026-05-27T04:22:00-04:00,135.45,135.45,135.45,135.45,135.45,474
2026-05-27T04:23:00-04:00,135.45,135.45,135.45,135.45,135.45,347
2026-05-27T04:24:00-04:00,135.33,135.33,135.18,135.2,135.2,4630
2026-05-27T04:25:00-04:00,135.22,135.29,135.22,135.29,135.29,1247.236653
2026-05-27T04:27:00-04:00,135.18,135.18,135.18,135.18,135.18,937.963165
2026-05-27T04:30:00-04:00,135.21,135.28,135.17,135.18,135.18,4039.024634
2026-05-27T04:32:00-04:00,135,135,135,135,135,1555.934024
2026-05-27T04:33:00-04:00,134.92,134.97,134.92,134.97,134.97,1496.906235
2026-05-27T04:35:00-04:00,135.02,135.02,135.02,135.02,135.02,700.903753
2026-05-27T04:36:00-04:00,135.05,135.05,135.05,135.05,135.05,933.055194
2026-05-27T04:37:00-04:00,135.22,135.22,135,135.21,135.21,3432.164256
2026-05-27T04:39:00-04:00,135.15,135.15,135.05,135.05,135.05,1004
2026-05-27T04:40:00-04:00,135.06,135.06,135.05,135.05,135.05,2211.519668
2026-05-27T04:41:00-04:00,135,135,135,135,135,656
2026-05-27T04:42:00-04:00,134.95,135,134.95,135,135,1419
2026-05-27T04:43:00-04:00,134.9893,134.9893,134.9893,134.9893,134.9893,191.024518
2026-05-27T04:44:00-04:00,134.95,135,134.95,135,135,3376.267044
2026-05-27T04:45:00-04:00,135,135,135,135,135,228
2026-05-27T04:46:00-04:00,135.01,135.01,135.01,135.01,135.01,528
2026-05-27T04:47:00-04:00,135.01,135.01,134.99,134.99,134.99,2612.090277
2026-05-27T04:48:00-04:00,134.95,134.95,134.95,134.95,134.95,1183
2026-05-27T04:49:00-04:00,135.01,135.01,135.01,135.01,135.01,301
2026-05-27T04:51:00-04:00,135.12,135.12,135.1,135.1,135.1,717
2026-05-27T04:54:00-04:00,135.19,135.2,135.19,135.2,135.2,660
2026-05-27T04:55:00-04:00,135.15,135.15,135.0594,135.0594,135.0594,370.879496
2026-05-27T05:00:00-04:00,135.13,135.13,135.08,135.08,135.08,1433
2026-05-27T05:01:00-04:00,135.14,135.14,135.14,135.14,135.14,2265
2026-05-27T05:02:00-04:00,135.01,135.01,135.01,135.01,135.01,1718.0367
2026-05-27T05:03:00-04:00,135.01,135.01,135,135,135,869
2026-05-27T05:05:00-04:00,135.13,135.13,135.13,135.13,135.13,384
2026-05-27T05:06:00-04:00,135,135.01,134.99,134.99,134.99,1840
2026-05-27T05:08:00-04:00,135.12,135.12,135.12,135.12,135.12,1328
2026-05-27T05:09:00-04:00,135.1,135.1,135.1,135.1,135.1,162
2026-05-27T05:10:00-04:00,135.06,135.06,135.01,135.01,135.01,457
2026-05-27T05:11:00-04:00,135.05,135.05,135.05,135.05,135.05,464.443001
2026-05-27T05:14:00-04:00,135.05,135.05,135.05,135.05,135.05,462
2026-05-27T05:17:00-04:00,135.0304,135.0304,135.0304,135.0304,135.0304,480.359665
2026-05-27T05:18:00-04:00,134.96,135.01,134.96,135.01,135.01,712
2026-05-27T05:20:00-04:00,135.1441,135.1441,135.1441,135.1441,135.1441,908.096417
2026-05-27T05:21:00-04:00,135.08,135.08,135.08,135.08,135.08,401
2026-05-27T05:22:00-04:00,135.05,135.05,135.05,135.05,135.05,555.12
2026-05-27T05:23:00-04:00,135.05,135.05,135.05,135.05,135.05,1187
2026-05-27T05:25:00-04:00,135.01,135.05,135,135,135,684.310776
2026-05-27T05:26:00-04:00,135,135,134.99,135,135,1839.118667
2026-05-27T05:28:00-04:00,135.02,135.02,135.02,135.02,135.02,2103.957413
2026-05-27T05:29:00-04:00,134.98,134.98,134.87,134.9,134.9,7968.375945
2026-05-27T05:30:00-04:00,134.99,134.99,134.96,134.96,134.96,1069
2026-05-27T05:31:00-04:00,134.89,134.89,134.89,134.89,134.89,360.355208
2026-05-27T05:32:00-04:00,134.88,134.9,134.81,134.81,134.81,2432
2026-05-27T05:33:00-04:00,134.81,134.81,134.78,134.78,134.78,2641.272779
2026-05-27T05:34:00-04:00,134.81,134.81,134.77,134.8,134.8,1049.245992
2026-05-27T05:35:00-04:00,134.78,134.78,134.78,134.78,134.78,1273
2026-05-27T05:36:00-04:00,134.77,134.88,134.77,134.88,134.88,1653
2026-05-27T05:38:00-04:00,134.76,134.78,134.76,134.78,134.78,1582.31
2026-05-27T05:39:00-04:00,134.8,134.8,134.74,134.74,134.74,1727
2026-05-27T05:40:00-04:00,134.88,134.88,134.88,134.88,134.88,757
2026-05-27T05:41:00-04:00,134.79,134.79,134.79,134.79,134.79,951
2026-05-27T05:42:00-04:00,134.8,134.8,134.8,134.8,134.8,470
2026-05-27T05:43:00-04:00,134.78,134.78,134.73,134.77,134.77,1356.096927
2026-05-27T05:45:00-04:00,134.76,134.8214,134.76,134.8214,134.8214,786
2026-05-27T05:47:00-04:00,134.8,134.8,134.8,134.8,134.8,1145.057306
2026-05-27T05:49:00-04:00,134.72,134.72,134.72,134.72,134.72,918
2026-05-27T05:50:00-04:00,134.77,134.77,134.77,134.77,134.77,1007
2026-05-27T05:51:00-04:00,134.81,134.81,134.81,134.81,134.81,431
2026-05-27T05:52:00-04:00,134.8216,134.8216,134.8216,134.8216,134.8216,580.06898
2026-05-27T05:53:00-04:00,134.73,134.74,134.72,134.72,134.72,1905.121279
2026-05-27T05:54:00-04:00,134.78,134.82,134.78,134.82,134.82,1023
2026-05-27T05:55:00-04:00,134.84,134.84,134.78,134.78,134.78,864
2026-05-27T05:57:00-04:00,134.84,134.84,134.84,134.84,134.84,522
2026-05-27T05:58:00-04:00,134.84,134.84,134.8,134.8,134.8,1851.23
2026-05-27T05:59:00-04:00,134.78,134.78,134.78,134.78,134.78,528.224256
2026-05-27T06:00:00-04:00,134.78,134.82,134.78,134.82,134.82,1457.86758
2026-05-27T06:01:00-04:00,134.78,134.78,134.78,134.78,134.78,945.864161
2026-05-27T06:04:00-04:00,134.73,134.84,134.73,134.81,134.81,4102
2026-05-27T06:05:00-04:00,134.8,134.8,134.8,134.8,134.8,320
2026-05-27T06:06:00-04:00,134.8,134.8,134.8,134.8,134.8,451
2026-05-27T06:07:00-04:00,134.82,134.82,134.82,134.82,134.82,1210.059705
2026-05-27T06:08:00-04:00,134.73,134.74,134.73,134.74,134.74,1740.730718
2026-05-27T06:09:00-04:00,134.73,134.73,134.72,134.72,134.72,1370.542384
2026-05-27T06:10:00-04:00,134.72,134.72,134.71,134.71,134.71,923.034853
2026-05-27T06:11:00-04:00,134.72,134.72,134.62,134.62,134.62,3722.190832
2026-05-27T06:12:00-04:00,134.6,134.69,134.58,134.69,134.69,5116
2026-05-27T06:13:00-04:00,134.66,134.66,134.66,134.66,134.66,623.908754
2026-05-27T06:14:00-04:00,134.661,134.7199,134.66,134.7199,134.7199,4546
2026-05-27T06:15:00-04:00,134.61,134.61,134.61,134.61,134.61,539
2026-05-27T06:16:00-04:00,134.59,134.59,134.59,134.59,134.59,891
2026-05-27T06:17:00-04:00,134.59,134.59,134.59,134.59,134.59,641
2026-05-27T06:18:00-04:00,134.62,134.62,134.62,134.62,134.62,461.368876
2026-05-27T06:19:00-04:00,134.64,134.67,134.6399,134.67,134.67,2786
2026-05-27T06:20:00-04:00,134.68,134.68,134.67,134.67,134.67,478
2026-05-27T06:21:00-04:00,134.61,134.61,134.6,134.6,134.6,922
2026-05-27T06:23:00-04:00,134.5621,134.5621,134.55,134.55,134.55,977
2026-05-27T06:25:00-04:00,134.5855,134.5855,134.53,134.53,134.53,1391.207254
2026-05-27T06:26:00-04:00,134.51,134.51,134.51,134.51,134.51,319.46
2026-05-27T06:27:00-04:00,134.5204,134.5204,134.5,134.5,134.5,7424.681312
2026-05-27T06:28:00-04:00,134.5,134.5,134.5,134.5,134.5,1515
2026-05-27T06:29:00-04:00,134.54,134.56,134.54,134.55,134.55,676
2026-05-27T06:31:00-04:00,134.55,134.55,134.54,134.55,134.55,1337.014714
2026-05-27T06:32:00-04:00,134.56,134.57,134.55,134.55,134.55,3155.518569
2026-05-27T06:33:00-04:00,134.5934,134.6258,134.56,134.6258,134.6258,1087
2026-05-27T06:35:00-04:00,134.66,134.68,134.65,134.65,134.65,1798
2026-05-27T06:36:00-04:00,134.7,134.7,134.69,134.69,134.69,966.140556
2026-05-27T06:37:00-04:00,134.75,134.75,134.75,134.75,134.75,1081
2026-05-27T06:38:00-04:00,134.7,134.71,134.7,134.71,134.71,625
2026-05-27T06:39:00-04:00,134.74,134.74,134.7,134.7,134.7,905.004897
2026-05-27T06:41:00-04:00,134.66,134.66,134.66,134.66,134.66,292.5
2026-05-27T06:42:00-04:00,134.69,134.69,134.69,134.69,134.69,517
2026-05-27T06:43:00-04:00,134.7,134.7,134.7,134.7,134.7,984.469224
2026-05-27T06:46:00-04:00,134.67,134.67,134.67,134.67,134.67,262.983908
2026-05-27T06:50:00-04:00,134.69,134.69,134.69,134.69,134.69,679.730168
2026-05-27T06:51:00-04:00,134.68,134.72,134.65,134.72,134.72,2283
2026-05-27T06:52:00-04:00,134.71,134.7445,134.71,134.7445,134.7445,1198.591331
2026-05-27T06:54:00-04:00,134.77,134.77,134.77,134.77,134.77,475
2026-05-27T06:55:00-04:00,134.79,134.79,134.7,134.7,134.7,1188
2026-05-27T06:56:00-04:00,134.7,134.76,134.7,134.76,134.76,684
2026-05-27T06:58:00-04:00,134.78,134.8,134.78,134.8,134.8,1232
2026-05-27T06:59:00-04:00,134.85,134.85,134.85,134.85,134.85,1106
2026-05-27T07:00:00-04:00,134.85,134.98,134.8,134.85,134.85,8148.149995
2026-05-27T07:01:00-04:00,135,135.11,134.9702,135.1029,135.1029,6094.086222
2026-05-27T07:02:00-04:00,135.06,135.12,135.01,135.01,135.01,4738.168463
2026-05-27T07:03:00-04:00,135.01,135.09,134.933,134.933,134.933,4045.802383
2026-05-27T07:04:00-04:00,135.07,135.2,135.0435,135.0435,135.0435,8571.741733
2026-05-27T07:05:00-04:00,135.1196,135.2,135.01,135.2,135.2,3517.585903
2026-05-27T07:06:00-04:00,135,135,134.95,134.95,134.95,1173.66304
2026-05-27T07:07:00-04:00,134.951,135,134.92,134.92,134.92,3088.183241
2026-05-27T07:08:00-04:00,134.9,134.95,134.9,134.9083,134.9083,1837.039065
2026-05-27T07:09:00-04:00,134.91,134.94,134.88,134.8838,134.8838,3768.940731
2026-05-27T07:10:00-04:00,134.9,134.9,134.8,134.8,134.8,4961.038
2026-05-27T07:11:00-04:00,134.7717,134.79,134.66,134.66,134.66,12447.885453
2026-05-27T07:12:00-04:00,134.65,134.9,134.64,134.75,134.75,11273.435339
2026-05-27T07:13:00-04:00,134.7316,134.78,134.7316,134.744,134.744,1746.279838
2026-05-27T07:14:00-04:00,134.75,134.75,134.67,134.68,134.68,2961.954097
2026-05-27T07:15:00-04:00,134.66,134.779,134.66,134.779,134.779,3270.349555
2026-05-27T07:16:00-04:00,134.7723,134.7863,134.68,134.68,134.68,2612.449972
2026-05-27T07:17:00-04:00,134.7735,134.78,134.73,134.78,134.78,1427.020557
2026-05-27T07:18:00-04:00,134.8,134.8,134.7,134.7,134.7,1376.141352
2026-05-27T07:19:00-04:00,134.7409,134.7409,134.63,134.6327,134.6327,3608.703092
2026-05-27T07:20:00-04:00,134.6179,134.6179,134.5826,134.5994,134.5994,2744.50025
2026-05-27T07:21:00-04:00,134.58,134.6,134.55,134.55,134.55,6199.157157
2026-05-27T07:22:00-04:00,134.5595,134.5595,134.52,134.54,134.54,3987.848496
2026-05-27T07:23:00-04:00,134.62,134.62,134.5003,134.52,134.52,3550.028022
2026-05-27T07:24:00-04:00,134.5435,134.55,134.5435,134.55,134.55,1179.833111
2026-05-27T07:25:00-04:00,134.577,134.577,134.5301,134.5301,134.5301,2930.0123
2026-05-27T07:26:00-04:00,134.54,134.5609,134.54,134.544,134.544,1473.257185
2026-05-27T07:27:00-04:00,134.5,134.55,134.5,134.55,134.55,3467.007431
2026-05-27T07:28:00-04:00,134.5217,134.6,134.52,134.6,134.6,2548.681243
2026-05-27T07:29:00-04:00,134.53,134.5993,134.53,134.55,134.55,5226.375144
2026-05-27T07:30:00-04:00,134.55,134.57,134.55,134.55,134.55,2315.607354
2026-05-27T07:31:00-04:00,134.5639,134.62,134.5,134.5,134.5,13306.714034
2026-05-27T07:32:00-04:00,134.49,134.4999,134.4499,134.4499,134.4499,4725.579042
2026-05-27T07:33:00-04:00,134.45,134.45,134.4,134.43,134.43,1800.19877
2026-05-27T07:34:00-04:00,134.41,134.4495,134.33,134.3959,134.3959,15191.567962
2026-05-27T07:35:00-04:00,134.33,134.33,134.2726,134.32,134.32,6667.056951
2026-05-27T07:36:00-04:00,134.33,134.37,134.33,134.34,134.34,2916.561188
2026-05-27T07:37:00-04:00,134.35,134.37,134.35,134.35,134.35,4366.513766
2026-05-27T07:38:00-04:00,134.34,134.407,134.34,134.38,134.38,4037.093914
2026-05-27T07:39:00-04:00,134.36,134.45,134.35,134.35,134.35,4164.698204
2026-05-27T07:40:00-04:00,134.3579,134.3596,134.27,134.27,134.27,5673.5116
2026-05-27T07:41:00-04:00,134.3,134.32,134.27,134.2874,134.2874,1609.299322
2026-05-27T07:42:00-04:00,134.3,134.3646,134.27,134.2702,134.2702,4077.593401
2026-05-27T07:43:00-04:00,134.28,134.294,134.2739,134.28,134.28,2040.827191
2026-05-27T07:44:00-04:00,134.2739,134.31,134.27,134.29,134.29,3195.471157
2026-05-27T07:45:00-04:00,134.31,134.31,134.27,134.3,134.3,1091.139616
2026-05-27T07:46:00-04:00,134.29,134.35,134.27,134.27,134.27,5574.692384
2026-05-27T07:47:00-04:00,134.2726,134.28,134.2,134.2,134.2,18426.39659
2026-05-27T07:48:00-04:00,134.2514,134.28,134.21,134.28,134.28,1733.398811
2026-05-27T07:49:00-04:00,134.28,134.28,134.2,134.2522,134.2522,1042.871802
2026-05-27T07:50:00-04:00,134.22,134.2561,134.22,134.2474,134.2474,3207.894635
2026-05-27T07:51:00-04:00,134.23,134.236,134.16,134.16,134.16,12437.725492
2026-05-27T07:52:00-04:00,134.13,134.13,134.12,134.13,134.13,2143.022569
2026-05-27T07:53:00-04:00,134.1174,134.19,134.1174,134.1562,134.1562,3748.751637
2026-05-27T07:54:00-04:00,134.1825,134.1825,134.1,134.1459,134.1459,6168.440734
2026-05-27T07:55:00-04:00,134.1099,134.12,134.08,134.083,134.083,6692.937775
2026-05-27T07:56:00-04:00,134.1576,134.1576,134.08,134.1,134.1,1414.636498
2026-05-27T07:57:00-04:00,134.17,134.28,134.17,134.24,134.24,7802.480459
2026-05-27T07:58:00-04:00,134.2948,134.2948,134.2,134.287,134.287,3690.04242
2026-05-27T07:59:00-04:00,134.2645,134.2696,134.174,134.174,134.174,4323.081
2026-05-27T08:00:00-04:00,134.156,134.2,134.15,134.18,134.18,3587.749818
2026-05-27T08:01:00-04:00,134.2,136.259,134.1,134.1,134.1,10242.54
2026-05-27T08:02:00-04:00,134.0856,134.09,134.04,134.07,134.07,3964.626198
2026-05-27T08:03:00-04:00,134.06,134.11,134.06,134.07,134.07,7255.627491
2026-05-27T08:04:00-04:00,134.1089,134.1122,134.05,134.06,134.06,2007.34958
2026-05-27T08:05:00-04:00,134.05,134.11,134.0438,134.0466,134.0466,7987.926011
2026-05-27T08:06:00-04:00,134.0407,134.21,134.0407,134.21,134.21,7153.447042
2026-05-27T08:07:00-04:00,134.23,134.25,134.21,134.21,134.21,2185.293897
2026-05-27T08:08:00-04:00,134.23,134.23,134.15,134.15,134.15,4984.621567
2026-05-27T08:09:00-04:00,134.187,134.1876,134.15,134.18,134.18,1885.74395
2026-05-27T08:10:00-04:00,134.15,134.162,134.13,134.16,134.16,3583.43109
2026-05-27T08:11:00-04:00,134.15,134.1589,134.12,134.12,134.12,2222.004919
2026-05-27T08:12:00-04:00,134.12,134.12,134.05,134.05,134.05,7593.931674
2026-05-27T08:13:00-04:00,134.0401,134.0785,134.0401,134.0761,134.0761,5962.240869
2026-05-27T08:14:00-04:00,134.05,134.0748,134.02,134.0574,134.0574,5548.03335
2026-05-27T08:15:00-04:00,134.07,134.0918,134.05,134.05,134.05,4002.312516
2026-05-27T08:16:00-04:00,134.031,134.0543,134.031,134.0543,134.0543,2275.723772
2026-05-27T08:17:00-04:00,134.0406,134.1,134.04,134.09,134.09,5161.017526
2026-05-27T08:18:00-04:00,134.1,134.36,134.1,134.26,134.26,8220.791464
2026-05-27T08:19:00-04:00,134.19,134.4,134.19,134.4,134.4,6051.188452
2026-05-27T08:20:00-04:00,134.37,134.37,134.2501,134.35,134.35,6433.572185
2026-05-27T08:21:00-04:00,134.4,134.54,134.35,134.53,134.53,7235.594883
2026-05-27T08:22:00-04:00,134.49,134.64,134.49,134.58,134.58,6284.457249
2026-05-27T08:23:00-04:00,134.56,134.6718,134.47,134.5,134.5,7828.669312
2026-05-27T08:24:00-04:00,134.46,134.5,134.36,134.5,134.5,1861.226483
2026-05-27T08:25:00-04:00,134.4498,134.4498,134.29,134.36,134.36,7814.786829
2026-05-27T08:26:00-04:00,134.3,134.4239,134.3,134.3,134.3,2634.287495
2026-05-27T08:27:00-04:00,134.27,134.33,134.27,134.3199,134.3199,1660.011927
2026-05-27T08:28:00-04:00,134.226,134.27,134.226,134.27,134.27,2337.470283
2026-05-27T08:29:00-04:00,134.35,134.35,134.25,134.25,134.25,3094.26283
2026-05-27T08:30:00-04:00,134.36,134.4,134.36,134.4,134.4,2384.302069
2026-05-27T08:31:00-04:00,134.32,134.32,134.29,134.31,134.31,1763.044917
2026-05-27T08:32:00-04:00,134.31,134.31,134.25,134.25,134.25,4608.249264
2026-05-27T08:33:00-04:00,134.25,134.31,134.25,134.3,134.3,3237.187769
2026-05-27T08:34:00-04:00,134.34,134.4,134.3,134.4,134.4,5435.07444
2026-05-27T08:35:00-04:00,134.2856,134.38,134.2856,134.37,134.37,2061.717675
2026-05-27T08:36:00-04:00,134.45,134.5,134.31,134.3896,134.3896,6467.76378
2026-05-27T08:37:00-04:00,134.31,134.35,134.25,134.25,134.25,2728.6488
2026-05-27T08:38:00-04:00,134.25,134.3,134.25,134.3,134.3,3542.435605
2026-05-27T08:39:00-04:00,134.25,134.2999,134.231,134.2999,134.2999,1362
2026-05-27T08:40:00-04:00,134.26,134.26,134.22,134.23,134.23,6285.593137
2026-05-27T08:41:00-04:00,134.22,134.2699,134.22,134.22,134.22,3471.050032
2026-05-27T08:42:00-04:00,134.2055,134.24,134.2055,134.2116,134.2116,4485.599446
2026-05-27T08:43:00-04:00,134.2448,134.2448,134.2,134.2,134.2,3385.648822
2026-05-27T08:44:00-04:00,134.2399,134.2399,134.1984,134.2,134.2,3743.640906
2026-05-27T08:45:00-04:00,134.17,134.1838,134.15,134.1724,134.1724,3057.564275
2026-05-27T08:46:00-04:00,134.19,134.2,134.16,134.16,134.16,4404.897023
2026-05-27T08:47:00-04:00,134.16,134.19,134.15,134.18,134.18,3614.342752
2026-05-27T08:48:00-04:00,134.19,134.19,134.12,134.17,134.17,2553.100604
2026-05-27T08:49:00-04:00,134.19,134.35,134.19,134.35,134.35,8346.148969
2026-05-27T08:50:00-04:00,134.35,134.35,134.35,134.35,134.35,2970.766308
2026-05-27T08:51:00-04:00,134.36,134.39,134.3,134.37,134.37,3926.574037
2026-05-27T08:52:00-04:00,134.345,134.36,134.345,134.36,134.36,1815.543628
2026-05-27T08:53:00-04:00,134.4,134.4,134.35,134.35,134.35,3436.744099
2026-05-27T08:54:00-04:00,134.35,134.4,134.35,134.4,134.4,4565.043965
2026-05-27T08:55:00-04:00,134.39,134.477,134.39,134.46,134.46,5098.22292
2026-05-27T08:56:00-04:00,134.44,134.5,134.4,134.5,134.5,6065.191237
2026-05-27T08:57:00-04:00,134.5,134.5148,134.4565,134.5148,134.5148,4086.906669
2026-05-27T08:58:00-04:00,134.4855,134.54,134.48,134.52,134.52,4326.107607
2026-05-27T08:59:00-04:00,134.52,134.54,134.5,134.5022,134.5022,5833.590011
2026-05-27T09:00:00-04:00,134.53,134.55,134.45,134.4522,134.4522,13217.795976
2026-05-27T09:01:00-04:00,134.4,134.45,134.4,134.4,134.4,2636.19943
2026-05-27T09:02:00-04:00,134.3616,134.3883,134.3616,134.3801,134.3801,2628.422887
2026-05-27T09:03:00-04:00,134.413,134.4696,134.3999,134.4696,134.4696,2135.107701
2026-05-27T09:04:00-04:00,134.4,134.4,134.3,134.3,134.3,3489.915033
2026-05-27T09:05:00-04:00,134.3,134.32,134.24,134.32,134.32,4606.357964
2026-05-27T09:06:00-04:00,134.26,134.26,134.1597,134.1597,134.1597,3918.276213
2026-05-27T09:07:00-04:00,134.2,134.2,134.15,134.15,134.15,3359.72608
2026-05-27T09:08:00-04:00,134.2,134.24,134.14,134.14,134.14,2621.074027
2026-05-27T09:09:00-04:00,134.12,134.17,134.12,134.17,134.17,2069.84372
2026-05-27T09:10:00-04:00,134.2,134.2,134.12,134.1278,134.1278,423010.471854
2026-05-27T09:11:00-04:00,134.17,134.17,134.08,134.08,134.08,11244.846508
2026-05-27T09:12:00-04:00,134.12,134.1396,134.06,134.06,134.06,4130.581485
2026-05-27T09:13:00-04:00,134.05,134.1,134.02,134.1,134.1,8097.16679
2026-05-27T09:14:00-04:00,134.1299,134.18,134.1,134.18,134.18,3403.478507
2026-05-27T09:15:00-04:00,134.2,134.28,134.2,134.28,134.28,3506.96497
2026-05-27T09:16:00-04:00,134.2,134.2,134.14,134.15,134.15,2738.578473
2026-05-27T09:17:00-04:00,134.11,134.15,134.1,134.14,134.14,3728.747305
2026-05-27T09:18:00-04:00,134.1435,134.1435,134.02,134.13,134.13,13923.060559
2026-05-27T09:19:00-04:00,134.15,134.2,134.1101,134.121,134.121,5437.114746
2026-05-27T09:20:00-04:00,134.1,134.1,133.97,134,134,42664.089442
2026-05-27T09:21:00-04:00,133.988,134.072,133.96,133.96,133.96,3463.990418
2026-05-27T09:22:00-04:00,134,134.0853,133.98,134.0853,134.0853,7576.082712
2026-05-27T09:23:00-04:00,134.02,134.06,134.0007,134.0348,134.0348,5159.353812
2026-05-27T09:24:00-04:00,134.05,134.05,133.96,134,134,4858.20391
2026-05-27T09:25:00-04:00,133.9,133.99,133.61,133.6223,133.6223,40250.095198
2026-05-27T09:26:00-04:00,133.63,133.85,133.59,133.85,133.85,11229.263578
2026-05-27T09:27:00-04:00,133.84,133.85,133.3,133.33,133.33,46956.880373
2026-05-27T09:28:00-04:00,133.25,133.5,132.95,133.45,133.45,70079.782742
2026-05-27T09:29:00-04:00,133.45,133.69,133.33,133.33,133.33,18050.779732
2026-05-27T09:30:00-04:00,133.3,133.52,131.63,132.42,132.42,1426674.09327
2026-05-27T09:31:00-04:00,132.45,132.82,131.865,131.91,131.91,436407.527671
2026-05-27T09:32:00-04:00,131.9,132.26,131.63,131.83,131.83,498501.810626
2026-05-27T09:33:00-04:00,131.86,132.19,131.75,131.96,131.96,359062.948146
2026-05-27T09:34:00-04:00,131.97,132.7298,131.9414,132.39,132.39,345444.823906
2026-05-27T09:35:00-04:00,132.39,132.71,132.37,132.54,132.54,320263.322103
2026-05-27T09:36:00-04:00,132.544,133.27,132.4608,133.2,133.2,366737.214682
2026-05-27T09:37:00-04:00,133.18,133.44,133.16,133.37,133.37,304089.332097
2026-05-27T09:38:00-04:00,133.35,133.37,133,133.32,133.32,233564.982437
2026-05-27T09:39:00-04:00,133.325,133.325,132.44,132.475,132.475,244311.941686
2026-05-27T09:40:00-04:00,132.45,132.5399,132.1605,132.19,132.19,226217.609403
2026-05-27T09:41:00-04:00,132.17,132.7495,132.03,132.675,132.675,234819.420318
2026-05-27T09:42:00-04:00,132.635,132.9999,132.51,132.98,132.98,148153.333663
2026-05-27T09:43:00-04:00,132.975,133,132.44,132.61,132.61,198633.034326
2026-05-27T09:44:00-04:00,132.595,133.04,132.59,133.01,133.01,195272.422472
2026-05-27T09:45:00-04:00,133.025,133.17,132.84,132.85,132.85,179128.797134
2026-05-27T09:46:00-04:00,132.8501,133.03,132.7,132.7651,132.7651,123225.576661
2026-05-27T09:47:00-04:00,132.78,133.32,132.78,133.265,133.265,151094.504064
2026-05-27T09:48:00-04:00,133.265,133.48,132.75,132.965,132.965,161986.257632
2026-05-27T09:49:00-04:00,132.98,133.04,132.42,132.505,132.505,203013.492761
2026-05-27T09:50:00-04:00,132.54,132.68,132.22,132.37,132.37,175677.312763
2026-05-27T09:51:00-04:00,132.38,132.43,132.21,132.3584,132.3584,115307.965123
2026-05-27T09:52:00-04:00,132.335,132.38,131.76,131.82,131.82,337008.988362
2026-05-27T09:53:00-04:00,131.835,131.94,131.71,131.94,131.94,205493.296615
2026-05-27T09:54:00-04:00,131.95,132.35,131.95,132.28,132.28,188286.888805
2026-05-27T09:55:00-04:00,132.23,132.5,132.22,132.44,132.44,144474.100426
2026-05-27T09:56:00-04:00,132.43,132.53,132.34,132.5197,132.5197,110653.591264
2026-05-27T09:57:00-04:00,132.505,132.835,132.4,132.77,132.77,109651.156147
2026-05-27T09:58:00-04:00,132.78,132.92,132.72,132.77,132.77,106981.960902
2026-05-27T09:59:00-04:00,132.77,132.89,132.64,132.73,132.73,102601.971759
2026-05-27T10:00:00-04:00,132.74,133.28,132.74,133.26,133.26,183461.17173
2026-05-27T10:01:00-04:00,133.26,133.85,133.26,133.8,133.8,213127.123135
2026-05-27T10:02:00-04:00,133.8,133.873,133.64,133.71,133.71,148763.425963
2026-05-27T10:03:00-04:00,133.71,133.75,133.52,133.75,133.75,116114.885432
2026-05-27T10:04:00-04:00,133.735,133.91,133.63,133.74,133.74,115648.920012
2026-05-27T10:05:00-04:00,133.72,133.73,133.472,133.54,133.54,106578.976491
2026-05-27T10:06:00-04:00,133.53,133.6499,133.45,133.49,133.49,84331.876444
2026-05-27T10:07:00-04:00,133.53,133.75,133.4,133.51,133.51,143406.073746
2026-05-27T10:08:00-04:00,133.4105,133.9,133.4105,133.6745,133.6745,111397.770095
2026-05-27T10:09:00-04:00,133.68,133.9099,133.68,133.7999,133.7999,67050.741792
2026-05-27T10:10:00-04:00,133.78,133.8199,133.6,133.72,133.72,73058.425328
2026-05-27T10:11:00-04:00,133.685,134.0683,133.685,133.96,133.96,209391.918912
2026-05-27T10:12:00-04:00,133.96,134.09,133.9,133.92,133.92,95275.331189
2026-05-27T10:13:00-04:00,133.92,134.21,133.875,134.15,134.15,105743.842519
2026-05-27T10:14:00-04:00,134.19,134.59,134.15,134.47,134.47,177399.41677
2026-05-27T10:15:00-04:00,134.45,134.6,134.24,134.555,134.555,88445.77334
2026-05-27T10:16:00-04:00,134.56,134.95,134.54,134.79,134.79,194633.540089
2026-05-27T10:17:00-04:00,134.78,134.99,134.65,134.7101,134.7101,133064.776238
2026-05-27T10:18:00-04:00,134.74,135.19,134.71,135.19,135.19,165838.274012
2026-05-27T10:19:00-04:00,135.19,135.22,134.99,135.04,135.04,107717.402014
2026-05-27T10:20:00-04:00,135.05,135.2541,134.95,135.225,135.225,98671.713251
2026-05-27T10:21:00-04:00,135.2499,135.47,135.2,135.31,135.31,120020.983282
2026-05-27T10:22:00-04:00,135.31,135.6399,135.3012,135.58,135.58,139570.503606
2026-05-27T10:23:00-04:00,135.6,135.66,135.31,135.41,135.41,91786.384741
2026-05-27T10:24:00-04:00,135.39,135.4999,135.2201,135.255,135.255,91176.629021
2026-05-27T10:25:00-04:00,135.255,135.515,135.2201,135.47,135.47,120061.057665
2026-05-27T10:26:00-04:00,135.49,135.54,135.06,135.27,135.27,176604.216418
2026-05-27T10:27:00-04:00,135.28,135.51,135.2,135.22,135.22,128227.862716
2026-05-27T10:28:00-04:00,135.2,135.35,135.02,135.27,135.27,120016.170165
2026-05-27T10:29:00-04:00,135.285,135.52,135.17,135.17,135.17,93138.059675
2026-05-27T10:30:00-04:00,135.17,135.45,135.14,135.345,135.345,77604.390298
2026-05-27T10:31:00-04:00,135.34,135.4299,135.15,135.31,135.31,71214.155801
2026-05-27T10:32:00-04:00,135.3,135.4,135.03,135.18,135.18,83376.235261
2026-05-27T10:33:00-04:00,135.18,135.66,135.18,135.4466,135.4466,199633.544298
2026-05-27T10:34:00-04:00,135.44,135.69,135.3401,135.3401,135.3401,81911.375626
2026-05-27T10:35:00-04:00,135.41,135.41,135.1,135.235,135.235,55265.040428
2026-05-27T10:36:00-04:00,135.2441,135.27,135.115,135.12,135.12,56943.74184
2026-05-27T10:37:00-04:00,135.14,135.34,135.13,135.32,135.32,56314.417454
2026-05-27T10:38:00-04:00,135.32,135.73,135.29,135.47,135.47,97478.280307
2026-05-27T10:39:00-04:00,135.48,135.72,135.46,135.5899,135.5899,62080.868036
2026-05-27T10:40:00-04:00,135.55,135.55,135.3,135.38,135.38,42622.952392
2026-05-27T10:41:00-04:00,135.38,135.48,135.355,135.38,135.38,46021.29032
2026-05-27T10:42:00-04:00,135.39,135.54,135.355,135.52,135.52,64363.90671
2026-05-27T10:43:00-04:00,135.55,135.56,135.29,135.3899,135.3899,46612.519539
2026-05-27T10:44:00-04:00,135.365,135.47,135.22,135.26,135.26,49409.26214
2026-05-27T10:45:00-04:00,135.28,135.389,135.2077,135.3001,135.3001,48505.459129
2026-05-27T10:46:00-04:00,135.3,135.49,135.19,135.215,135.215,50419.698726
2026-05-27T10:47:00-04:00,135.23,135.33,135.22,135.27,135.27,35051.969882
2026-05-27T10:48:00-04:00,135.2966,135.3251,135.03,135.0301,135.0301,50812.424368
2026-05-27T10:49:00-04:00,135.045,135.07,134.88,134.945,134.945,112996.591043
2026-05-27T10:50:00-04:00,134.92,135.01,134.72,134.85,134.85,134781.547224
2026-05-27T10:51:00-04:00,134.845,134.855,134.48,134.5,134.5,71620.427282
2026-05-27T10:52:00-04:00,134.48,134.49,134.2767,134.365,134.365,58361.658519
2026-05-27T10:53:00-04:00,134.37,134.46,134.365,134.42,134.42,55212.022894
2026-05-27T10:54:00-04:00,134.42,134.54,134.29,134.31,134.31,50078.281536
2026-05-27T10:55:00-04:00,134.315,134.34,134.085,134.185,134.185,82188.114774
2026-05-27T10:56:00-04:00,134.2,134.23,134.07,134.1,134.1,58898.371023
2026-05-27T10:57:00-04:00,134.12,134.4,134.0801,134.325,134.325,76268.105201
2026-05-27T10:58:00-04:00,134.34,134.385,134.1,134.2951,134.2951,61089.92629
2026-05-27T10:59:00-04:00,134.3299,134.33,134.19,134.205,134.205,47047.714685
2026-05-27T11:00:00-04:00,134.175,134.22,134.02,134.085,134.085,85474.758175
2026-05-27T11:01:00-04:00,134.0701,134.24,133.92,133.96,133.96,88317.969205
2026-05-27T11:02:00-04:00,133.9601,133.9986,133.785,133.81,133.81,111818.619806
2026-05-27T11:03:00-04:00,133.815,134,133.8,133.94,133.94,77306.255657
2026-05-27T11:04:00-04:00,133.94,133.98,133.81,133.905,133.905,63377.068381
2026-05-27T11:05:00-04:00,133.9008,133.91,133.501,133.57,133.57,130162.068091
2026-05-27T11:06:00-04:00,133.565,133.63,133.39,133.4,133.4,67000.762917
2026-05-27T11:07:00-04:00,133.4199,133.79,133.39,133.77,133.77,64297.164681
2026-05-27T11:08:00-04:00,133.755,133.95,133.73,133.87,133.87,68681.47646
2026-05-27T11:09:00-04:00,133.86,134,133.85,133.868,133.868,38756.167977
2026-05-27T11:10:00-04:00,133.85,133.9,133.74,133.755,133.755,49136.583588
2026-05-27T11:11:00-04:00,133.755,133.83,133.72,133.805,133.805,46515.859459
2026-05-27T11:12:00-04:00,133.805,133.805,133.63,133.6344,133.6344,48749.555844
2026-05-27T11:13:00-04:00,133.655,133.81,133.65,133.735,133.735,51824.395879
2026-05-27T11:14:00-04:00,133.7201,133.78,133.5801,133.645,133.645,94097.638912
2026-05-27T11:15:00-04:00,133.66,133.68,133.52,133.64,133.64,44025.860911
2026-05-27T11:16:00-04:00,133.635,133.7,133.5101,133.59,133.59,56508.291206
2026-05-27T11:17:00-04:00,133.59,133.615,133.5,133.5,133.5,29120.48044
2026-05-27T11:18:00-04:00,133.5101,133.76,133.49,133.71,133.71,68933.238169
2026-05-27T11:19:00-04:00,133.71,133.75,133.35,133.405,133.405,60719.607839
2026-05-27T11:20:00-04:00,133.405,133.58,133.39,133.53,133.53,43239.93719
2026-05-27T11:21:00-04:00,133.52,133.6399,133.44,133.61,133.61,53690.370888
2026-05-27T11:22:00-04:00,133.62,133.87,133.56,133.715,133.715,47918.810729
2026-05-27T11:23:00-04:00,133.7,133.84,133.68,133.785,133.785,41693.693052
2026-05-27T11:24:00-04:00,133.78,133.9378,133.77,133.9,133.9,72709.317465
2026-05-27T11:25:00-04:00,133.915,133.93,133.765,133.765,133.765,39596.368897
2026-05-27T11:26:00-04:00,133.78,133.93,133.69,133.865,133.865,33692.905018
2026-05-27T11:27:00-04:00,133.865,133.91,133.83,133.845,133.845,24763.738181
2026-05-27T11:28:00-04:00,133.835,134.02,133.8219,134.015,134.015,49451.96935
2026-05-27T11:29:00-04:00,134.015,134.015,133.7201,133.815,133.815,91517.785838
2026-05-27T11:30:00-04:00,133.83,133.9,133.76,133.835,133.835,56014.313532
2026-05-27T11:31:00-04:00,133.81,133.91,133.7464,133.83,133.83,41296.123853
2026-05-27T11:32:00-04:00,133.85,133.9768,133.81,133.94,133.94,27096.04149
2026-05-27T11:33:00-04:00,133.95,134.1,133.93,133.94,133.94,53534.457488
2026-05-27T11:34:00-04:00,133.94,133.96,133.9001,133.92,133.92,22136.567945
2026-05-27T11:35:00-04:00,133.92,133.95,133.7701,133.79,133.79,57381.015112
2026-05-27T11:36:00-04:00,133.78,133.8251,133.68,133.8251,133.8251,38612.723926
2026-05-27T11:37:00-04:00,133.815,133.815,133.735,133.78,133.78,35202.131065
2026-05-27T11:38:00-04:00,133.79,133.8,133.68,133.7,133.7,24613.553062
2026-05-27T11:39:00-04:00,133.7,133.75,133.66,133.6707,133.6707,29030.350098
2026-05-27T11:40:00-04:00,133.67,133.7188,133.6214,133.66,133.66,46813.856622
2026-05-27T11:41:00-04:00,133.655,133.68,133.5301,133.5993,133.5993,42303.601797
2026-05-27T11:42:00-04:00,133.595,133.73,133.585,133.645,133.645,27897.128723
2026-05-27T11:43:00-04:00,133.63,133.65,133.5,133.53,133.53,34996.448465
2026-05-27T11:44:00-04:00,133.525,133.5799,133.36,133.44,133.44,60301.338671
2026-05-27T11:45:00-04:00,133.42,133.6399,133.42,133.55,133.55,31696.420042
2026-05-27T11:46:00-04:00,133.5301,133.535,133.35,133.46,133.46,53784.993711
2026-05-27T11:47:00-04:00,133.48,133.52,133.4301,133.465,133.465,22846.478331
2026-05-27T11:48:00-04:00,133.46,133.465,133.23,133.31,133.31,69275.046673
2026-05-27T11:49:00-04:00,133.3,133.43,133.27,133.35,133.35,38503.034095
2026-05-27T11:50:00-04:00,133.36,133.45,133.265,133.275,133.275,51688.220335
2026-05-27T11:51:00-04:00,133.275,133.41,133.21,133.21,133.21,51816.648556
2026-05-27T11:52:00-04:00,133.2,133.3,133.15,133.24,133.24,57463.91867
2026-05-27T11:53:00-04:00,133.245,133.5284,133.245,133.425,133.425,55366.942833
2026-05-27T11:54:00-04:00,133.4,133.51,133.3,133.385,133.385,52936.307718
2026-05-27T11:55:00-04:00,133.357,133.3999,133.25,133.325,133.325,31741.71239
2026-05-27T11:56:00-04:00,133.32,133.415,133.28,133.41,133.41,36440.086292
2026-05-27T11:57:00-04:00,133.4,133.524,133.33,133.35,133.35,46666.484744
2026-05-27T11:58:00-04:00,133.33,133.33,133.15,133.205,133.205,58901.943435
2026-05-27T11:59:00-04:00,133.205,133.25,133.18,133.21,133.21,33390.883341
2026-05-27T12:00:00-04:00,133.22,133.3301,133.15,133.31,133.31,36861.203905
2026-05-27T12:01:00-04:00,133.3301,133.44,133.31,133.34,133.34,33782.720912
2026-05-27T12:02:00-04:00,133.35,133.464,133.33,133.4551,133.4551,26824.717543
2026-05-27T12:03:00-04:00,133.46,133.5,133.32,133.355,133.355,44657.550129
2026-05-27T12:04:00-04:00,133.3841,133.39,133.29,133.32,133.32,33456.219937
2026-05-27T12:05:00-04:00,133.3,133.51,133.3,133.5,133.5,24441.88732
2026-05-27T12:06:00-04:00,133.495,133.56,133.47,133.52,133.52,36493.047644
2026-05-27T12:07:00-04:00,133.56,133.68,133.4501,133.4501,133.4501,64896.433819
2026-05-27T12:08:00-04:00,133.46,133.5799,133.37,133.54,133.54,37067.705778
2026-05-27T12:09:00-04:00,133.54,133.59,133.5,133.56,133.56,24486.847458
2026-05-27T12:10:00-04:00,133.5799,133.58,133.43,133.455,133.455,44382.354949
2026-05-27T12:11:00-04:00,133.44,133.488,133.4,133.42,133.42,22624.177353
2026-05-27T12:12:00-04:00,133.43,133.515,133.42,133.485,133.485,34409.144381
2026-05-27T12:13:00-04:00,133.47,133.54,133.44,133.46,133.46,56571.516591
2026-05-27T12:14:00-04:00,133.46,133.5,133.42,133.45,133.45,30701.523863
2026-05-27T12:15:00-04:00,133.47,133.485,133.415,133.44,133.44,28040.937501
2026-05-27T12:16:00-04:00,133.43,133.44,133.36,133.38,133.38,33792.540819
2026-05-27T12:17:00-04:00,133.385,133.385,133.26,133.27,133.27,41147.350974
2026-05-27T12:18:00-04:00,133.2513,133.29,133.19,133.225,133.225,28023.808928
2026-05-27T12:19:00-04:00,133.225,133.39,133.2201,133.385,133.385,33243.487672
2026-05-27T12:20:00-04:00,133.3401,133.48,133.22,133.305,133.305,57177.04737
2026-05-27T12:21:00-04:00,133.31,133.45,133.28,133.38,133.38,43724.680913
2026-05-27T12:22:00-04:00,133.38,133.45,133.375,133.45,133.45,32905.168034
2026-05-27T12:23:00-04:00,133.44,133.56,133.43,133.555,133.555,41868.002744
2026-05-27T12:24:00-04:00,133.56,133.726,133.55,133.66,133.66,60499.155005
2026-05-27T12:25:00-04:00,133.63,133.63,133.46,133.51,133.51,35849.419093
2026-05-27T12:26:00-04:00,133.5,133.55,133.47,133.51,133.51,27315.539611
2026-05-27T12:27:00-04:00,133.48,133.56,133.44,133.53,133.53,24220.715382
2026-05-27T12:28:00-04:00,133.52,133.7,133.52,133.6759,133.6759,22914.615212
2026-05-27T12:29:00-04:00,133.69,133.72,133.63,133.67,133.67,25611.545815
2026-05-27T12:30:00-04:00,133.675,133.78,133.66,133.74,133.74,61599.948874
2026-05-27T12:31:00-04:00,133.7446,133.79,133.69,133.785,133.785,25586.12994
2026-05-27T12:32:00-04:00,133.785,133.79,133.67,133.74,133.74,34636.171051
2026-05-27T12:33:00-04:00,133.73,133.735,133.6,133.63,133.63,27654.997476
2026-05-27T12:34:00-04:00,133.62,133.6599,133.59,133.64,133.64,20439.840657
2026-05-27T12:35:00-04:00,133.64,133.75,133.64,133.72,133.72,22750.955721
2026-05-27T12:36:00-04:00,133.72,133.81,133.72,133.7878,133.7878,28463.598557
2026-05-27T12:37:00-04:00,133.79,133.8999,133.79,133.885,133.885,37470.418118
2026-05-27T12:38:00-04:00,133.8702,133.98,133.86,133.925,133.925,41816.436774
2026-05-27T12:39:00-04:00,133.925,133.9999,133.92,133.95,133.95,35109.311748
2026-05-27T12:40:00-04:00,133.945,134.01,133.75,133.7905,133.7905,89198.660573
2026-05-27T12:41:00-04:00,133.805,133.8596,133.7228,133.815,133.815,42677.116596
2026-05-27T12:42:00-04:00,133.805,133.83,133.72,133.758,133.758,37197.430321
2026-05-27T12:43:00-04:00,133.76,133.88,133.76,133.84,133.84,32778.70226
2026-05-27T12:44:00-04:00,133.83,133.9,133.795,133.85,133.85,31351.260919
2026-05-27T12:45:00-04:00,133.85,133.868,133.78,133.8,133.8,21662.046612
2026-05-27T12:46:00-04:00,133.795,134.005,133.69,133.96,133.96,58136.629124
2026-05-27T12:47:00-04:00,133.94,133.94,133.77,133.8,133.8,24511.716973
2026-05-27T12:48:00-04:00,133.794,133.8,133.665,133.72,133.72,37973.860993
2026-05-27T12:49:00-04:00,133.72,133.9,133.715,133.86,133.86,33539.843445
2026-05-27T12:50:00-04:00,133.85,133.94,133.7501,133.7501,133.7501,20000.923444
2026-05-27T12:51:00-04:00,133.79,133.8199,133.625,133.7201,133.7201,30240.645759
2026-05-27T12:52:00-04:00,133.723,133.86,133.72,133.81,133.81,25995.55306
2026-05-27T12:53:00-04:00,133.8211,133.835,133.7601,133.8,133.8,15848.863022
2026-05-27T12:54:00-04:00,133.79,133.9,133.79,133.84,133.84,24851.996213
2026-05-27T12:55:00-04:00,133.83,134.01,133.83,133.95,133.95,59080.114971
2026-05-27T12:56:00-04:00,133.935,133.965,133.89,133.925,133.925,28923.410017
2026-05-27T12:57:00-04:00,133.935,133.96,133.9,133.93,133.93,15410.434318
2026-05-27T12:58:00-04:00,133.9201,133.96,133.85,133.87,133.87,43319.781887
2026-05-27T12:59:00-04:00,133.88,133.88,133.8,133.87,133.87,19954.418494
2026-05-27T13:00:00-04:00,133.88,133.89,133.735,133.74,133.74,24278.177177
2026-05-27T13:01:00-04:00,133.73,133.75,133.63,133.67,133.67,40955.780478
2026-05-27T13:02:00-04:00,133.66,133.7599,133.65,133.7,133.7,19759.648446
2026-05-27T13:03:00-04:00,133.7,133.77,133.67,133.71,133.71,40424.090102
2026-05-27T13:04:00-04:00,133.71,133.715,133.55,133.6375,133.6375,51060.41771
2026-05-27T13:05:00-04:00,133.62,133.6691,133.58,133.595,133.595,36154.069541
2026-05-27T13:06:00-04:00,133.595,133.61,133.47,133.48,133.48,34464.916512
2026-05-27T13:07:00-04:00,133.49,133.51,133.3301,133.38,133.38,53599.884524
2026-05-27T13:08:00-04:00,133.4199,133.478,133.3,133.33,133.33,72331.432927
2026-05-27T13:09:00-04:00,133.34,133.35,133.12,133.12,133.12,47464.789454
2026-05-27T13:10:00-04:00,133.14,133.29,133.14,133.29,133.29,39421.831029
2026-05-27T13:11:00-04:00,133.27,133.29,133.17,133.17,133.17,37779.966825
2026-05-27T13:12:00-04:00,133.17,133.22,133.12,133.1712,133.1712,35416.530591
2026-05-27T13:13:00-04:00,133.19,133.19,133.14,133.15,133.15,30180.60155
2026-05-27T13:14:00-04:00,133.155,133.2,133.1,133.11,133.11,72386.474599
2026-05-27T13:15:00-04:00,133.1199,133.13,133.04,133.07,133.07,55216.153288
2026-05-27T13:16:00-04:00,133.085,133.1399,133.02,133.065,133.065,55958.962398
2026-05-27T13:17:00-04:00,133.065,133.13,133.04,133.11,133.11,38290.472377
2026-05-27T13:18:00-04:00,133.105,133.11,132.97,133.07,133.07,124161.803659
2026-05-27T13:19:00-04:00,133.06,133.11,132.99,133.0505,133.0505,37806.924502
2026-05-27T13:20:00-04:00,133.075,133.1,133.03,133.0751,133.0751,15406.005231
2026-05-27T13:21:00-04:00,133.09,133.11,132.995,133.03,133.03,45863.71851
2026-05-27T13:22:00-04:00,133.01,133.06,132.96,133.035,133.035,24288.660883
2026-05-27T13:23:00-04:00,133.035,133.05,132.965,133.02,133.02,31844.177375
2026-05-27T13:24:00-04:00,133.0224,133.115,133.02,133.03,133.03,31702.567454
2026-05-27T13:25:00-04:00,133.04,133.13,133.01,133.13,133.13,35233.559405
2026-05-27T13:26:00-04:00,133.13,133.1999,133.1207,133.15,133.15,32041.354181
2026-05-27T13:27:00-04:00,133.16,133.1999,133.0103,133.02,133.02,64757.211656
2026-05-27T13:28:00-04:00,133.02,133.14,133.0133,133.1294,133.1294,30313.170727
2026-05-27T13:29:00-04:00,133.13,133.19,133.1001,133.1001,133.1001,53498.140323
2026-05-27T13:30:00-04:00,133.1384,133.21,133.08,133.2,133.2,37027.617207
2026-05-27T13:31:00-04:00,133.195,133.27,133.1414,133.16,133.16,37100.937436
2026-05-27T13:32:00-04:00,133.16,133.19,133.12,133.17,133.17,27333.237009
2026-05-27T13:33:00-04:00,133.17,133.3,133.15,133.27,133.27,33362.881644
2026-05-27T13:34:00-04:00,133.28,133.4,133.26,133.35,133.35,88110.192511
2026-05-27T13:35:00-04:00,133.355,133.355,133.28,133.33,133.33,26627.147918
2026-05-27T13:36:00-04:00,133.32,133.46,133.31,133.3793,133.3793,39277.069022
2026-05-27T13:37:00-04:00,133.37,133.37,133.31,133.33,133.33,21604.062695
2026-05-27T13:38:00-04:00,133.33,133.45,133.3,133.42,133.42,46320.364967
2026-05-27T13:39:00-04:00,133.425,133.45,133.38,133.395,133.395,26322.255399
2026-05-27T13:40:00-04:00,133.34,133.37,133.2312,133.265,133.265,34946.686934
2026-05-27T13:41:00-04:00,133.26,133.33,133.18,133.215,133.215,27856.519735
2026-05-27T13:42:00-04:00,133.2,133.21,133.095,133.16,133.16,31655.929356
2026-05-27T13:43:00-04:00,133.17,133.204,133.13,133.15,133.15,33097.736836
2026-05-27T13:44:00-04:00,133.155,133.1699,133.08,133.12,133.12,31750.514047
2026-05-27T13:45:00-04:00,133.1,133.15,133.08,133.14,133.14,19763.893436
2026-05-27T13:46:00-04:00,133.15,133.2399,133.06,133.2399,133.2399,41521.147498
2026-05-27T13:47:00-04:00,133.23,133.24,133.1,133.14,133.14,25491.805582
2026-05-27T13:48:00-04:00,133.13,133.13,133.01,133.01,133.01,31638.850086
2026-05-27T13:49:00-04:00,133.01,133.04,132.87,132.905,132.905,66941.007075
2026-05-27T13:50:00-04:00,132.905,132.95,132.86,132.95,132.95,32933.617531
2026-05-27T13:51:00-04:00,132.95,132.99,132.92,132.97,132.97,30256.831849
2026-05-27T13:52:00-04:00,132.97,132.98,132.91,132.97,132.97,24058.542169
2026-05-27T13:53:00-04:00,132.96,133,132.95,132.97,132.97,27168.928078
2026-05-27T13:54:00-04:00,132.96,132.974,132.9,132.93,132.93,35722.967583
2026-05-27T13:55:00-04:00,132.9552,132.97,132.9,132.91,132.91,18219.069932
2026-05-27T13:56:00-04:00,132.91,132.95,132.89,132.9,132.9,34198.881356
2026-05-27T13:57:00-04:00,132.895,132.91,132.78,132.86,132.86,53255.244889
2026-05-27T13:58:00-04:00,132.86,132.88,132.8335,132.87,132.87,29403.653077
2026-05-27T13:59:00-04:00,132.86,132.875,132.83,132.855,132.855,12746.761653
2026-05-27T14:00:00-04:00,132.85,132.89,132.726,132.75,132.75,42305.425496
2026-05-27T14:01:00-04:00,132.75,132.83,132.68,132.69,132.69,36511.027279
2026-05-27T14:02:00-04:00,132.71,132.84,132.71,132.8251,132.8251,33265.877831
2026-05-27T14:03:00-04:00,132.82,132.843,132.76,132.79,132.79,38247.519313
2026-05-27T14:04:00-04:00,132.79,132.81,132.715,132.73,132.73,30354.572364
2026-05-27T14:05:00-04:00,132.72,132.74,132.67,132.74,132.74,30893.697729
2026-05-27T14:06:00-04:00,132.76,132.8599,132.71,132.83,132.83,51318.40661
2026-05-27T14:07:00-04:00,132.83,132.955,132.8201,132.955,132.955,39363.773875
2026-05-27T14:08:00-04:00,132.9699,133,132.91,132.915,132.915,51342.30124
2026-05-27T14:09:00-04:00,132.915,133.01,132.88,132.88,132.88,27574.764011
2026-05-27T14:10:00-04:00,132.895,132.97,132.89,132.955,132.955,21510.925022
2026-05-27T14:11:00-04:00,132.95,132.955,132.8,132.81,132.81,27754.159523
2026-05-27T14:12:00-04:00,132.83,132.83,132.77,132.7739,132.7739,19327.689896
2026-05-27T14:13:00-04:00,132.785,132.85,132.78,132.84,132.84,31748.66297
2026-05-27T14:14:00-04:00,132.84,132.94,132.83,132.91,132.91,32857.285988
2026-05-27T14:15:00-04:00,132.905,132.905,132.86,132.89,132.89,32581.570348
2026-05-27T14:16:00-04:00,132.9,133.01,132.9,132.9752,132.9752,32568.979485
2026-05-27T14:17:00-04:00,132.97,133.13,132.95,133.12,133.12,30482.950653
2026-05-27T14:18:00-04:00,133.13,133.19,133.1,133.19,133.19,61511.613038
2026-05-27T14:19:00-04:00,133.19,133.235,133.1488,133.22,133.22,47670.121276
2026-05-27T14:20:00-04:00,133.205,133.32,133.2,133.27,133.27,54766.975735
2026-05-27T14:21:00-04:00,133.27,133.36,133.27,133.305,133.305,36656.043533
2026-05-27T14:22:00-04:00,133.29,133.34,133.24,133.3205,133.3205,50941.317756
2026-05-27T14:23:00-04:00,133.32,133.32,133.24,133.3,133.3,33846.32804
2026-05-27T14:24:00-04:00,133.295,133.479,133.28,133.43,133.43,72543.717098
2026-05-27T14:25:00-04:00,133.45,133.45,133.34,133.34,133.34,31872.324265
2026-05-27T14:26:00-04:00,133.335,133.3585,133.26,133.26,133.26,21565.921365
2026-05-27T14:27:00-04:00,133.26,133.27,133.17,133.18,133.18,31291.060814
2026-05-27T14:28:00-04:00,133.185,133.22,133.14,133.2,133.2,39242.691314
2026-05-27T14:29:00-04:00,133.19,133.22,133.15,133.15,133.15,19286.220968
2026-05-27T14:30:00-04:00,133.15,133.17,133.0201,133.08,133.08,54288.338754
2026-05-27T14:31:00-04:00,133.06,133.14,133.01,133.015,133.015,49730.601
2026-05-27T14:32:00-04:00,133.015,133.0999,133.015,133.055,133.055,28406.05075
2026-05-27T14:33:00-04:00,133.055,133.15,133.04,133.12,133.12,34708.312947
2026-05-27T14:34:00-04:00,133.12,133.19,133.12,133.1655,133.1655,27616.181027
2026-05-27T14:35:00-04:00,133.14,133.18,133.0701,133.09,133.09,36680.222445
2026-05-27T14:36:00-04:00,133.085,133.0876,132.95,132.96,132.96,56896.144178
2026-05-27T14:37:00-04:00,132.96,133.02,132.9071,132.945,132.945,54052.423747
2026-05-27T14:38:00-04:00,132.94,132.96,132.895,132.91,132.91,46057.362096
2026-05-27T14:39:00-04:00,132.91,132.9299,132.89,132.9,132.9,36691.444018
2026-05-27T14:40:00-04:00,132.92,132.92,132.82,132.85,132.85,46741.557316
2026-05-27T14:41:00-04:00,132.84,132.9399,132.83,132.9,132.9,34310.672384
2026-05-27T14:42:00-04:00,132.9,133.04,132.8801,133.0205,133.0205,59999.068735
2026-05-27T14:43:00-04:00,133.01,133.01,132.84,132.84,132.84,37423.03202
2026-05-27T14:44:00-04:00,132.84,133.02,132.82,132.98,132.98,42433.499717
2026-05-27T14:45:00-04:00,132.99,133.09,132.9601,133.0399,133.0399,46734.660466
2026-05-27T14:46:00-04:00,133.04,133.1699,133.02,133.09,133.09,32692.731723
2026-05-27T14:47:00-04:00,133.09,133.34,133.09,133.255,133.255,42036.717814
2026-05-27T14:48:00-04:00,133.25,133.265,133.1722,133.19,133.19,25326.417514
2026-05-27T14:49:00-04:00,133.185,133.185,133.07,133.095,133.095,32375.422838
2026-05-27T14:50:00-04:00,133.09,133.21,133.09,133.155,133.155,32571.951248
2026-05-27T14:51:00-04:00,133.15,133.16,133.1,133.15,133.15,22374.349259
2026-05-27T14:52:00-04:00,133.15,133.26,133.14,133.2201,133.2201,26448.059465
2026-05-27T14:53:00-04:00,133.22,133.24,133.0912,133.135,133.135,92784.468254
2026-05-27T14:54:00-04:00,133.135,133.1699,133.09,133.125,133.125,25343.026957
2026-05-27T14:55:00-04:00,133.125,133.16,133.05,133.133,133.133,40281.364412
2026-05-27T14:56:00-04:00,133.14,133.145,133.04,133.0462,133.0462,37278.639941
2026-05-27T14:57:00-04:00,133.06,133.065,132.99,133.02,133.02,33051.472603
2026-05-27T14:58:00-04:00,133.02,133.13,133.02,133.09,133.09,35116.513945
2026-05-27T14:59:00-04:00,133.09,133.125,133.05,133.06,133.06,25682.974108
2026-05-27T15:00:00-04:00,133.075,133.13,132.98,132.995,132.995,40403.730251
2026-05-27T15:01:00-04:00,132.999,133.14,132.95,133.12,133.12,31799.103634
2026-05-27T15:02:00-04:00,133.1103,133.1299,132.99,133,133,29576.131897
2026-05-27T15:03:00-04:00,132.995,133.01,132.96,133.01,133.01,20398.160309
2026-05-27T15:04:00-04:00,133.01,133.02,132.95,132.96,132.96,30191.846324
2026-05-27T15:05:00-04:00,132.96,133.01,132.95,132.96,132.96,32328.215063
2026-05-27T15:06:00-04:00,132.96,132.96,132.83,132.87,132.87,56602.276808
2026-05-27T15:07:00-04:00,132.855,132.97,132.8381,132.935,132.935,57473.427806
2026-05-27T15:08:00-04:00,132.95,132.97,132.88,132.905,132.905,48926.265961
2026-05-27T15:09:00-04:00,132.9,133,132.882,132.97,132.97,42160.140223
2026-05-27T15:10:00-04:00,132.97,133,132.89,132.92,132.92,58837.352006
2026-05-27T15:11:00-04:00,132.92,132.94,132.87,132.88,132.88,51190.364242
2026-05-27T15:12:00-04:00,132.885,132.94,132.87,132.94,132.94,34086.829581
2026-05-27T15:13:00-04:00,132.93,133,132.91,132.94,132.94,56014.742754
2026-05-27T15:14:00-04:00,132.94,133.01,132.93,133,133,28811.97428
2026-05-27T15:15:00-04:00,132.99,133.1582,132.99,133.085,133.085,44243.555415
2026-05-27T15:16:00-04:00,133.08,133.19,133.08,133.19,133.19,38207.657711
2026-05-27T15:17:00-04:00,133.1734,133.19,133.08,133.0801,133.0801,53253.946653
2026-05-27T15:18:00-04:00,133.08,133.11,133.01,133.04,133.04,34319.307411
2026-05-27T15:19:00-04:00,133.045,133.05,132.9678,132.975,132.975,27947.23094
2026-05-27T15:20:00-04:00,133,133.075,133,133.035,133.035,33646.50009
2026-05-27T15:21:00-04:00,133.03,133.03,132.97,132.98,132.98,26618.542265
2026-05-27T15:22:00-04:00,132.98,133.02,132.97,132.99,132.99,33696.961914
2026-05-27T15:23:00-04:00,132.98,132.98,132.86,132.8875,132.8875,42265.274769
2026-05-27T15:24:00-04:00,132.92,132.96,132.88,132.96,132.96,26009.593107
2026-05-27T15:25:00-04:00,132.96,132.98,132.9282,132.935,132.935,27625.241047
2026-05-27T15:26:00-04:00,132.94,132.97,132.92,132.96,132.96,30600.191324
2026-05-27T15:27:00-04:00,132.97,133.02,132.94,133.01,133.01,36399.06955
2026-05-27T15:28:00-04:00,133.015,133.09,132.99,133.07,133.07,42168.983694
2026-05-27T15:29:00-04:00,133.1,133.16,133.06,133.15,133.15,61345.376505
2026-05-27T15:30:00-04:00,133.14,133.14,133.01,133.01,133.01,40332.395404
2026-05-27T15:31:00-04:00,133.035,133.05,132.96,132.96,132.96,42831.752795
2026-05-27T15:32:00-04:00,132.97,133.09,132.95,133.055,133.055,46915.720207
2026-05-27T15:33:00-04:00,133.06,133.1499,133.0501,133.135,133.135,32270.235664
2026-05-27T15:34:00-04:00,133.126,133.1375,132.995,132.995,132.995,39661.429604
2026-05-27T15:35:00-04:00,132.98,133.17,132.97,133.155,133.155,55447.029782
2026-05-27T15:36:00-04:00,133.14,133.2,133.12,133.135,133.135,47198.42614
2026-05-27T15:37:00-04:00,133.1301,133.21,133.1205,133.2,133.2,54044.813299
2026-05-27T15:38:00-04:00,133.19,133.3,133.18,133.28,133.28,78353.019376
2026-05-27T15:39:00-04:00,133.29,133.37,133.2701,133.29,133.29,42005.462641
2026-05-27T15:40:00-04:00,133.28,133.28,133.115,133.12,133.12,65500.129568
2026-05-27T15:41:00-04:00,133.1399,133.15,133.08,133.1,133.1,62154.577188
2026-05-27T15:42:00-04:00,133.105,133.15,133.003,133.03,133.03,51144.985716
2026-05-27T15:43:00-04:00,133.035,133.05,132.9501,133.01,133.01,46704.006959
2026-05-27T15:44:00-04:00,133.0001,133.05,133,133.03,133.03,28512.230668
2026-05-27T15:45:00-04:00,133.01,133.025,132.92,132.95,132.95,47156.266232
2026-05-27T15:46:00-04:00,132.94,133,132.92,132.98,132.98,42195.670268
2026-05-27T15:47:00-04:00,132.97,132.99,132.92,132.925,132.925,43104.187691
2026-05-27T15:48:00-04:00,132.9189,133,132.915,132.985,132.985,49464.452329
2026-05-27T15:49:00-04:00,132.985,132.995,132.84,132.8475,132.8475,72441.570026
2026-05-27T15:50:00-04:00,132.83,132.86,132.78,132.85,132.85,108515.981309
2026-05-27T15:51:00-04:00,132.85,132.89,132.8201,132.86,132.86,87218.317265
2026-05-27T15:52:00-04:00,132.865,132.88,132.74,132.76,132.76,132283.527762
2026-05-27T15:53:00-04:00,132.755,132.81,132.7,132.74,132.74,173093.011836
2026-05-27T15:54:00-04:00,132.73,132.78,132.57,132.77,132.77,165231.481739
2026-05-27T15:55:00-04:00,132.77,132.82,132.73,132.735,132.735,152093.577305
2026-05-27T15:56:00-04:00,132.72,132.79,132.7075,132.7398,132.7398,113076.634672
2026-05-27T15:57:00-04:00,132.73,132.74,132.57,132.6099,132.6099,156612.271224
2026-05-27T15:58:00-04:00,132.61,132.61,132.55,132.59,132.59,212699.203575
2026-05-27T15:59:00-04:00,132.59,132.59,132.46,132.53,132.53,559609.821385
2026-05-27T16:00:00-04:00,132.52,132.574,132.51,132.53,132.53,802076.157996
2026-05-27T16:01:00-04:00,132.51,132.55,132.4304,132.4304,132.4304,7758.941244
2026-05-27T16:02:00-04:00,132.5,132.8,132.45,132.6875,132.6875,8086.649376
2026-05-27T16:03:00-04:00,132.62,132.657,132.5,132.52,132.52,5760.763225
2026-05-27T16:04:00-04:00,132.56,132.66,132.51,132.66,132.66,8792.45063
2026-05-27T16:05:00-04:00,132.6,132.7,132.46,132.6,132.6,9569.936002
2026-05-27T16:06:00-04:00,132.56,132.85,132.56,132.82,132.82,13691.753959
2026-05-27T16:07:00-04:00,132.83,132.96,132.8,132.8,132.8,2861.357376
2026-05-27T16:08:00-04:00,132.88,133.08,132.88,133.08,133.08,7401.575694
2026-05-27T16:09:00-04:00,132.9125,133.0218,132.9,132.9199,132.9199,3323.066059
2026-05-27T16:10:00-04:00,132.85,132.92,132.83,132.83,132.83,4974.03371
2026-05-27T16:11:00-04:00,132.92,132.92,132.87,132.87,132.87,1031.066871
2026-05-27T16:12:00-04:00,132.8495,132.9,132.51,132.84,132.84,6107.64394
2026-05-27T16:13:00-04:00,132.9,132.9,132.8156,132.85,132.85,1471.423492
2026-05-27T16:14:00-04:00,132.9,132.95,132.9,132.95,132.95,4244.000451
2026-05-27T16:15:00-04:00,132.9,132.98,132.88,132.95,132.95,14861.244663
2026-05-27T16:16:00-04:00,132.98,133,132.9,133,133,5641.294798
2026-05-27T16:17:00-04:00,133,133,133,133,133,833.631434
2026-05-27T16:18:00-04:00,133.0295,133.0296,132.96,132.97,132.97,4952.850681
2026-05-27T16:19:00-04:00,132.96,133,132.96,132.97,132.97,5206.22
2026-05-27T16:20:00-04:00,132.9691,132.99,132.9691,132.99,132.99,2407.404958
2026-05-27T16:21:00-04:00,132.96,132.9896,132.9,132.97,132.97,4683.170174
2026-05-27T16:22:00-04:00,132.9605,133,132.96,132.96,132.96,7494.467473
2026-05-27T16:23:00-04:00,132.9207,132.98,132.9,132.9,132.9,2724.109348
2026-05-27T16:24:00-04:00,132.98,132.98,132.91,132.91,132.91,2344.723602
2026-05-27T16:25:00-04:00,132.95,132.96,132.9178,132.95,132.95,1302.541852
2026-05-27T16:26:00-04:00,132.91,132.98,132.86,132.9785,132.9785,6887.097651
2026-05-27T16:27:00-04:00,132.9,132.9792,132.85,132.9,132.9,140128.815698
2026-05-27T16:28:00-04:00,132.9,132.9,132.87,132.87,132.87,2340.406574
2026-05-27T16:29:00-04:00,132.84,132.84,132.8078,132.8078,132.8078,850.601432
2026-05-27T16:30:00-04:00,132.8,132.8,132.8,132.8,132.8,678.036967
2026-05-27T16:31:00-04:00,132.8,132.89,132.8,132.89,132.89,2579.047633
2026-05-27T16:32:00-04:00,132.8383,132.9,132.8383,132.9,132.9,1536.037633
2026-05-27T16:33:00-04:00,132.92,132.94,132.9,132.9,132.9,1278.72
2026-05-27T16:34:00-04:00,132.91,132.9799,132.91,132.9799,132.9799,1367.384552
2026-05-27T16:36:00-04:00,132.96,132.9685,132.96,132.9685,132.9685,1025.271217
2026-05-27T16:37:00-04:00,132.9163,132.9163,132.9163,132.9163,132.9163,357.271446
2026-05-27T16:38:00-04:00,132.969,132.97,132.9,132.9684,132.9684,2504.692938
2026-05-27T16:39:00-04:00,132.96,132.96,132.9,132.95,132.95,1204.071626
2026-05-27T16:40:00-04:00,132.8774,132.8774,132.8774,132.8774,132.8774,452.442847
2026-05-27T16:41:00-04:00,132.95,132.98,132.9153,132.98,132.98,3173.443254
2026-05-27T16:42:00-04:00,132.91,132.99,132.51,132.9283,132.9283,1757.210455
2026-05-27T16:43:00-04:00,132.9997,132.9997,132.991,132.991,132.991,932.075213
2026-05-27T16:44:00-04:00,132.9903,132.9903,132.96,132.99,132.99,1134.024829
2026-05-27T16:45:00-04:00,133,133.02,132.9704,133.02,133.02,2180.352372
2026-05-27T16:46:00-04:00,133.02,133.1,133.02,133.0975,133.0975,5496.647536
2026-05-27T16:47:00-04:00,133.11,133.1196,133.11,133.1196,133.1196,429.075134
2026-05-27T16:48:00-04:00,133.1,133.1,133.08,133.08,133.08,972.969075
2026-05-27T16:49:00-04:00,133.075,133.1,133.05,133.1,133.1,1505.01
2026-05-27T16:50:00-04:00,133.05,133.05,133.05,133.05,133.05,605.013086
2026-05-27T16:51:00-04:00,133.07,133.08,133.07,133.08,133.08,1350.290438
2026-05-27T16:52:00-04:00,133.07,133.07,133.05,133.05,133.05,2218.257248
2026-05-27T16:54:00-04:00,133.03,133.03,133.0298,133.0298,133.0298,879.03114
2026-05-27T16:55:00-04:00,133.0191,133.0191,133.0191,133.0191,133.0191,506.300804
2026-05-27T16:56:00-04:00,133.0526,133.0526,133.0091,133.04,133.04,2918.520604
2026-05-27T16:57:00-04:00,133,133,133,133,133,909
2026-05-27T16:58:00-04:00,133.05,133.05,133.05,133.05,133.05,5400
2026-05-27T16:59:00-04:00,133.05,133.0503,133.0191,133.05,133.05,1972.112743
2026-05-27T17:00:00-04:00,133.07,133.08,133.04,133.04,133.04,3914.757985
2026-05-27T17:01:00-04:00,133.02,133.07,133.02,133.07,133.07,2548.111613
2026-05-27T17:02:00-04:00,133.08,133.11,133.07,133.11,133.11,6809.007514
2026-05-27T17:03:00-04:00,133.1387,133.1387,133.1387,133.1387,133.1387,755.15024
2026-05-27T17:04:00-04:00,133.1,133.1539,133.1,133.1539,133.1539,2188.650183
2026-05-27T17:05:00-04:00,133.18,133.26,133.18,133.25,133.25,9696.030336
2026-05-27T17:06:00-04:00,133.29,133.29,133.1782,133.29,133.29,411545.750581
2026-05-27T17:07:00-04:00,133.29,133.39,133.1603,133.19,133.19,7392.899343
2026-05-27T17:08:00-04:00,133.3,133.3,133.23,133.3,133.3,2050.505817
2026-05-27T17:10:00-04:00,133.27,133.29,133.213,133.26,133.26,1413.397703
2026-05-27T17:11:00-04:00,133.23,133.2499,133.23,133.2499,133.2499,2920.060461
2026-05-27T17:12:00-04:00,133.24,133.24,133.24,133.24,133.24,637.5
2026-05-27T17:13:00-04:00,133.2,133.21,133.2,133.2,133.2,986.130473
2026-05-27T17:14:00-04:00,133.2,133.21,133.2,133.21,133.21,883.187667
2026-05-27T17:15:00-04:00,133.25,133.26,133.1709,133.1709,133.1709,3993.932067
2026-05-27T17:16:00-04:00,133.2482,133.2482,133.2482,133.2482,133.2482,601.095772
2026-05-27T17:18:00-04:00,133.21,133.21,133.1982,133.1982,133.1982,582.288716
2026-05-27T17:19:00-04:00,133.16,133.16,133.1499,133.1499,133.1499,1267.384064
2026-05-27T17:20:00-04:00,133.1,133.1,133.1,133.1,133.1,1279.332208
2026-05-27T17:22:00-04:00,133.15,133.15,133.15,133.15,133.15,3046.144696
2026-05-27T17:23:00-04:00,133.13,133.13,133.1,133.1,133.1,730.503191
2026-05-27T17:24:00-04:00,133.11,133.11,133.11,133.11,133.11,637.572033
2026-05-27T17:25:00-04:00,133.03,133.04,133.03,133.04,133.04,934.02058
2026-05-27T17:27:00-04:00,133.09,133.09,133.09,133.09,133.09,973.150312
2026-05-27T17:28:00-04:00,133.1,133.1,133.1,133.1,133.1,1234.056591
2026-05-27T17:29:00-04:00,133.13,133.15,133.13,133.15,133.15,859.569067
2026-05-27T17:30:00-04:00,133.175,133.2,133.1519,133.17,133.17,924
2026-05-27T17:31:00-04:00,133.17,133.19,133.15,133.16,133.16,2371.31288
2026-05-27T17:32:00-04:00,133.17,133.1897,133.17,133.18,133.18,1490.820455
2026-05-27T17:33:00-04:00,133.17,133.17,133.17,133.17,133.17,867.553427
2026-05-27T17:34:00-04:00,133.18,133.18,133.16,133.16,133.16,1865.252844
2026-05-27T17:35:00-04:00,133.15,133.18,133.15,133.17,133.17,2367.504016
2026-05-27T17:36:00-04:00,133.17,133.17,133.17,133.17,133.17,373
2026-05-27T17:37:00-04:00,133.17,133.17,133.17,133.17,133.17,1072.150246
2026-05-27T17:38:00-04:00,133.18,133.18,133.1,133.1675,133.1675,2672.375544
2026-05-27T17:39:00-04:00,133.18,133.18,133.1164,133.1164,133.1164,2747.053778
2026-05-27T17:40:00-04:00,133.1154,133.1154,133.1154,133.1154,133.1154,927.199402
2026-05-27T17:41:00-04:00,133.1,133.1,133.1,133.1,133.1,586.00896
2026-05-27T17:42:00-04:00,133.17,133.19,133.17,133.19,133.19,946.2899
2026-05-27T17:43:00-04:00,133.17,133.17,133.17,133.17,133.17,1521.422314
2026-05-27T17:44:00-04:00,133.18,133.2,133.17,133.2,133.2,3289.273826
2026-05-27T17:45:00-04:00,133.2,133.2,133.2,133.2,133.2,336.034434
2026-05-27T17:46:00-04:00,133.18,133.21,133.18,133.21,133.21,1174.01501
2026-05-27T17:48:00-04:00,133.15,133.26,133.15,133.24,133.24,1369.677877
2026-05-27T17:49:00-04:00,133.22,133.23,133.22,133.23,133.23,427.277818
2026-05-27T17:50:00-04:00,133.2,133.2,133.16,133.16,133.16,778.150195
2026-05-27T17:51:00-04:00,133.19,133.2,133.19,133.2,133.2,2911.214784
2026-05-27T17:52:00-04:00,133.1896,133.1896,133.1896,133.1896,133.1896,889.15
2026-05-27T17:54:00-04:00,133.1518,133.2,133.1518,133.2,133.2,655.362802
2026-05-27T17:55:00-04:00,133.2,133.2,133.2,133.2,133.2,739.230693
2026-05-27T17:56:00-04:00,133.2,133.24,133.2,133.22,133.22,736.825745
2026-05-27T17:59:00-04:00,133.2,133.2,133.2,133.2,133.2,331.108944
2026-05-27T18:00:00-04:00,133.25,133.25,133.13,133.2,133.2,3387.347201
2026-05-27T18:01:00-04:00,133.29,133.33,133.2,133.2,133.2,6110.18439
2026-05-27T18:02:00-04:00,133.39,133.39,133.39,133.39,133.39,340.917447
2026-05-27T18:03:00-04:00,133.39,133.39,133.38,133.39,133.39,1095.45888
2026-05-27T18:05:00-04:00,133.38,133.38,133.38,133.38,133.38,393.746694
2026-05-27T18:07:00-04:00,133.2543,133.2543,133.24,133.24,133.24,578
2026-05-27T18:09:00-04:00,133.3247,133.3305,133.14,133.14,133.14,2120.008
2026-05-27T18:10:00-04:00,133.2,133.22,133.2,133.22,133.22,1009.206222
2026-05-27T18:11:00-04:00,133.24,133.24,133.24,133.24,133.24,1161.021781
2026-05-27T18:13:00-04:00,133.17,133.1703,133.17,133.1703,133.1703,911.740612
2026-05-27T18:14:00-04:00,133.2,133.24,133.17,133.1804,133.1804,2647.741909
2026-05-27T18:15:00-04:00,133.21,133.25,133.2,133.2001,133.2001,1134.778468
2026-05-27T18:16:00-04:00,133.25,133.25,133.25,133.25,133.25,1018.212477
2026-05-27T18:17:00-04:00,133.24,133.24,133.24,133.24,133.24,391
2026-05-27T18:18:00-04:00,133.2,133.2,133.2,133.2,133.2,201.106571
2026-05-27T18:19:00-04:00,133.25,133.25,133.25,133.25,133.25,875.000225
2026-05-27T18:20:00-04:00,133.21,133.21,133.21,133.21,133.21,585.133627
2026-05-27T18:21:00-04:00,133.29,133.29,133.218,133.218,133.218,1182.322863
2026-05-27T18:22:00-04:00,133.2117,133.2117,133.2117,133.2117,133.2117,834.978457
2026-05-27T18:23:00-04:00,133.2001,133.2001,133.2001,133.2001,133.2001,2165.405591
2026-05-27T18:24:00-04:00,133.24,133.24,133.24,133.24,133.24,596
2026-05-27T18:25:00-04:00,133.2,133.2,133.2,133.2,133.2,818.563128
2026-05-27T18:26:00-04:00,133.24,133.24,133.24,133.24,133.24,528.714821
2026-05-27T18:27:00-04:00,133.2,133.2,133.19,133.2,133.2,1933.212649
2026-05-27T18:28:00-04:00,133.18,133.19,133.18,133.19,133.19,760.743921
2026-05-27T18:29:00-04:00,133.1739,133.2,133.1739,133.18,133.18,3886.943158
2026-05-27T18:30:00-04:00,133.19,133.19,133.17,133.17,133.17,5656.875076
2026-05-27T18:31:00-04:00,133.17,133.1701,133.17,133.1701,133.1701,976.352892
2026-05-27T18:32:00-04:00,133.19,133.19,133.17,133.19,133.19,1299
2026-05-27T18:33:00-04:00,133.19,133.2,133.19,133.2,133.2,629
2026-05-27T18:34:00-04:00,133.1991,133.2,133.1939,133.2,133.2,2147.045043
2026-05-27T18:35:00-04:00,133.2137,133.22,133.2137,133.22,133.22,463.011723
2026-05-27T18:36:00-04:00,133.23,133.2899,133.23,133.2899,133.2899,528.262674
2026-05-27T18:37:00-04:00,133.2678,133.28,133.2678,133.28,133.28,544.596519
2026-05-27T18:38:00-04:00,133.27,133.27,133.222,133.222,133.222,685.850625
2026-05-27T18:39:00-04:00,133.25,133.25,133.23,133.23,133.23,528.38442
2026-05-27T18:40:00-04:00,133.239,133.239,133.239,133.239,133.239,419.679283
2026-05-27T18:41:00-04:00,133.25,133.25,133.21,133.22,133.22,2815.334163
2026-05-27T18:42:00-04:00,133.22,133.22,133.21,133.21,133.21,4368.057048
2026-05-27T18:43:00-04:00,133.21,133.248,133.21,133.248,133.248,893
2026-05-27T18:44:00-04:00,133.2448,133.2448,133.21,133.24,133.24,748
2026-05-27T18:45:00-04:00,133.2,133.2001,133.2,133.2001,133.2001,2041
2026-05-27T18:46:00-04:00,133.19,133.19,133.19,133.19,133.19,632.275083
2026-05-27T18:47:00-04:00,133.19,133.19,133.1705,133.1705,133.1705,655
2026-05-27T18:48:00-04:00,133.194,133.194,133.17,133.19,133.19,2794.597613
2026-05-27T18:49:00-04:00,133.19,133.1996,133.19,133.1996,133.1996,491.583974
2026-05-27T18:50:00-04:00,133.17,133.2,133.17,133.2,133.2,310.125918
2026-05-27T18:51:00-04:00,133.19,133.19,133.19,133.19,133.19,375.045049
2026-05-27T18:52:00-04:00,133.17,133.19,133.17,133.19,133.19,1382.172691
2026-05-27T18:54:00-04:00,133.1994,133.1994,133.19,133.19,133.19,835
2026-05-27T18:55:00-04:00,133.19,133.19,133.17,133.17,133.17,1218.981486
2026-05-27T18:59:00-04:00,133.111,133.1117,133.11,133.1117,133.1117,1279.409365
2026-05-27T19:00:00-04:00,133.1,133.1,133.1,133.1,133.1,1001
2026-05-27T19:01:00-04:00,133.05,133.05,133.04,133.04,133.04,2381.49859
2026-05-27T19:02:00-04:00,133.05,133.06,133.0217,133.05,133.05,1093.232258
2026-05-27T19:03:00-04:00,133.1034,133.1034,133.03,133.1,133.1,729.509999
2026-05-27T19:04:00-04:00,133.0217,133.0883,133.01,133.0883,133.0883,1190.01986
2026-05-27T19:05:00-04:00,133.0304,133.0981,133.0304,133.07,133.07,1865.819738
2026-05-27T19:06:00-04:00,133.0401,133.0661,133.0401,133.0661,133.0661,375
2026-05-27T19:08:00-04:00,133.06,133.06,133.06,133.06,133.06,866.47577
2026-05-27T19:09:00-04:00,133.04,133.04,133.04,133.04,133.04,669.300871
2026-05-27T19:10:00-04:00,133.0698,133.0698,133.0439,133.05,133.05,530
2026-05-27T19:11:00-04:00,133.0439,133.05,133.0408,133.05,133.05,516
2026-05-27T19:14:00-04:00,133.0699,133.07,133.0699,133.07,133.07,1711.15771
2026-05-27T19:16:00-04:00,133.055,133.055,133.0404,133.0404,133.0404,393
2026-05-27T19:17:00-04:00,133.07,133.07,133.07,133.07,133.07,1702.283688
2026-05-27T19:19:00-04:00,133.08,133.08,133.08,133.08,133.08,315.517678
2026-05-27T19:20:00-04:00,133.08,133.08,133.08,133.08,133.08,539.020216
2026-05-27T19:21:00-04:00,133.04,133.04,133,133,133,4013.126011
2026-05-27T19:22:00-04:00,133,133.0002,132.9926,132.9926,132.9926,3778.245037
2026-05-27T19:24:00-04:00,132.9996,132.9996,132.9996,132.9996,132.9996,285.150421
2026-05-27T19:25:00-04:00,132.9561,133.01,132.9561,133.01,133.01,25836.864747
2026-05-27T19:26:00-04:00,133.0608,133.0608,133.0608,133.0608,133.0608,4172.375812
2026-05-27T19:27:00-04:00,133,133,133,133,133,559.37957
2026-05-27T19:29:00-04:00,132.9955,133.1,132.99,132.9902,132.9902,1581.598489
2026-05-27T19:31:00-04:00,133.06,133.1,133.06,133.1,133.1,329.375812
2026-05-27T19:34:00-04:00,133.0857,133.0857,133.0857,133.0857,133.0857,130.279228
2026-05-27T19:35:00-04:00,133.09,133.09,133.06,133.06,133.06,367.811005
2026-05-27T19:36:00-04:00,133.0304,133.1,133.0304,133.1,133.1,1848.510238
2026-05-27T19:37:00-04:00,133.0265,133.0265,133.0265,133.0265,133.0265,258.69185
2026-05-27T19:39:00-04:00,133.0986,133.0986,133.02,133.05,133.05,3172.187877
2026-05-27T19:40:00-04:00,133.0486,133.05,133.0486,133.05,133.05,2497.751738
2026-05-27T19:41:00-04:00,133.01,133.01,133.01,133.01,133.01,488
2026-05-27T19:42:00-04:00,133.01,133.01,133,133,133,685.182445
2026-05-27T19:43:00-04:00,133.02,133.02,133.0017,133.0017,133.0017,1052.63661
2026-05-27T19:44:00-04:00,133,133,132.9903,132.9903,132.9903,2996.572564
2026-05-27T19:45:00-04:00,132.99,133.04,132.99,132.99,132.99,3437.367909
2026-05-27T19:46:00-04:00,133,133,132.9997,132.9997,132.9997,3037.312109
2026-05-27T19:47:00-04:00,132.99,132.99,132.985,132.985,132.985,625
2026-05-27T19:48:00-04:00,133,133,133,133,133,356.451204
2026-05-27T19:49:00-04:00,132.97,132.97,132.97,132.97,132.97,217
2026-05-27T19:50:00-04:00,132.94,132.95,132.89,132.9,132.9,3136.379283
2026-05-27T19:51:00-04:00,132.86,132.86,132.85,132.85,132.85,1802.982784
2026-05-27T19:52:00-04:00,132.9,132.9,132.82,132.82,132.82,605.92949
2026-05-27T19:53:00-04:00,132.9,132.9,132.8984,132.9,132.9,4060.341643
2026-05-27T19:54:00-04:00,132.8998,132.95,132.8565,132.9332,132.9332,11908.075422
2026-05-27T19:55:00-04:00,132.91,132.92,132.9,132.9,132.9,1068.1
2026-05-27T19:56:00-04:00,132.908,132.94,132.9,132.94,132.94,1066.148154
2026-05-27T19:57:00-04:00,132.9487,132.95,132.9,132.937,132.937,12810.050416
2026-05-27T19:58:00-04:00,132.89,132.9499,132.89,132.9499,132.9499,802.763781
2026-05-27T19:59:00-04:00,132.92,132.9283,132.9,132.9196,132.9196,2709.151691
